0.000000e+00 -1.046298e+09 0.000000e+00
2.094395e-03 7.133233e+03 -3.132071e+05
4.188790e-03 5.080435e+03 -1.621093e+05
6.283185e-03 -1.135889e+03 -1.076426e+05
8.377580e-03 -8.740805e+02 -7.827222e+04
1.047198e-02 2.703528e+03 -6.397904e+04
1.256637e-02 -5.047788e+02 -5.086547e+04
1.466077e-02 2.403480e+03 -4.801718e+04
1.675516e-02 -1.193747e+02 -3.875605e+04
1.884956e-02 4.069085e+02 -3.704557e+04
2.094395e-02 1.285992e+03 -3.113268e+04
2.303835e-02 -6.797245e+02 -3.002504e+04
2.513274e-02 6.272551e+02 -2.596694e+04
2.722714e-02 -3.280121e+02 -2.467235e+04
2.932153e-02 9.415208e+02 -2.268923e+04
3.141593e-02 -1.073161e+02 -2.117259e+04
3.351032e-02 8.836544e+02 -1.970287e+04
3.560472e-02 3.339291e+02 -1.917335e+04
3.769911e-02 1.791286e+02 -1.748362e+04
3.979351e-02 3.653232e+02 -1.673353e+04
4.188790e-02 4.833698e+02 -1.598772e+04
4.398230e-02 1.437303e+02 -1.540891e+04
4.607669e-02 2.999903e+02 -1.437159e+04
4.817109e-02 2.932834e+02 -1.393228e+04
5.026548e-02 4.145832e+02 -1.310983e+04
5.235988e-02 2.361980e+02 -1.284967e+04
5.445427e-02 5.459509e+02 -1.223264e+04
5.654867e-02 1.080332e+02 -1.180950e+04
5.864306e-02 4.389357e+02 -1.142657e+04
6.073746e-02 2.606526e+02 -1.085420e+04
6.283185e-02 3.901243e+02 -1.066746e+04
6.492625e-02 1.843368e+02 -1.018027e+04
6.702064e-02 5.675531e+02 -1.004651e+04
6.911504e-02 2.712147e+02 -9.521725e+03
7.120943e-02 4.736384e+02 -9.526285e+03
7.330383e-02 2.496660e+02 -9.025020e+03
7.539822e-02 3.604132e+02 -9.019314e+03
7.749262e-02 2.889112e+02 -8.563769e+03
7.958701e-02 2.528870e+02 -8.436110e+03
8.168141e-02 4.231398e+02 -8.055181e+03
8.377580e-02 3.600449e+02 -8.036648e+03
8.587020e-02 2.909447e+02 -7.819650e+03
8.796459e-02 3.359367e+02 -7.613432e+03
9.005899e-02 2.441165e+02 -7.333706e+03
9.215338e-02 3.996402e+02 -7.161280e+03
9.424778e-02 3.622323e+02 -7.071947e+03
9.634217e-02 3.343904e+02 -6.919367e+03
9.843657e-02 3.102168e+02 -6.764541e+03
1.005310e-01 4.419504e+02 -6.634852e+03
1.026254e-01 2.830024e+02 -6.489758e+03
1.047198e-01 3.961362e+02 -6.399281e+03
1.068142e-01 2.663752e+02 -6.229818e+03
1.089085e-01 3.440171e+02 -6.127246e+03
1.110029e-01 3.500693e+02 -5.986231e+03
1.130973e-01 3.607321e+02 -5.917957e+03
1.151917e-01 2.765139e+02 -5.794613e+03
1.172861e-01 3.653673e+02 -5.711032e+03
1.193805e-01 3.547521e+02 -5.507762e+03
1.214749e-01 3.784102e+02 -5.464828e+03
1.235693e-01 3.471953e+02 -5.451470e+03
1.256637e-01 3.179736e+02 -5.355265e+03
1.277581e-01 2.873687e+02 -5.239140e+03
1.298525e-01 3.692832e+02 -5.101541e+03
1.319469e-01 3.740793e+02 -5.122616e+03
1.340413e-01 3.678703e+02 -4.941965e+03
1.361357e-01 2.809510e+02 -4.954575e+03
1.382301e-01 3.093181e+02 -4.757737e+03
1.403245e-01 2.672241e+02 -4.822428e+03
1.424189e-01 4.436751e+02 -4.665628e+03
1.445133e-01 2.876282e+02 -4.629683e+03
1.466077e-01 3.860358e+02 -4.540599e+03
1.487021e-01 2.670632e+02 -4.442131e+03
1.507964e-01 3.705675e+02 -4.411621e+03
1.528908e-01 2.840699e+02 -4.249583e+03
1.549852e-01 3.735856e+02 -4.354391e+03
1.570796e-01 2.214852e+02 -4.169013e+03
1.591740e-01 3.560454e+02 -4.116275e+03
1.612684e-01 3.930504e+02 -4.099427e+03
1.633628e-01 3.905410e+02 -4.202151e+03
1.654572e-01 3.698482e+02 -4.055287e+03
1.675516e-01 3.453096e+02 -3.994813e+03
1.696460e-01 2.620667e+02 -4.017443e+03
1.717404e-01 1.989312e+02 -3.872432e+03
1.738348e-01 3.717812e+02 -3.623691e+03
1.759292e-01 5.045689e+02 -3.643801e+03
1.780236e-01 2.683523e+02 -3.847632e+03
1.801180e-01 3.305762e+02 -3.566086e+03
1.822124e-01 4.453053e+02 -3.722017e+03
1.843068e-01 3.506739e+02 -3.500562e+03
1.864012e-01 4.844341e+02 -3.342251e+03
1.884956e-01 3.876213e+02 -3.421258e+03
1.905900e-01 8.639190e+01 -3.605519e+03
1.926843e-01 3.307645e+02 -3.637407e+03
1.947787e-01 3.400043e+02 -3.407309e+03
1.968731e-01 3.722979e+02 -3.502334e+03
1.989675e-01 3.862706e+02 -3.313272e+03
2.010619e-01 4.260293e+02 -3.459881e+03
2.031563e-01 4.127071e+02 -3.269303e+03
2.052507e-01 3.485962e+02 -3.298125e+03
2.073451e-01 3.928369e+02 -3.113049e+03
2.094395e-01 3.558848e+02 -3.180585e+03
2.115339e-01 3.073104e+02 -3.147456e+03
2.136283e-01 2.802878e+02 -3.098787e+03
2.157227e-01 3.482110e+02 -3.043407e+03
2.178171e-01 3.103056e+02 -3.059121e+03
2.199115e-01 3.508585e+02 -3.036657e+03
2.220059e-01 3.625166e+02 -2.928339e+03
2.241003e-01 2.638257e+02 -2.975758e+03
2.261947e-01 3.775381e+02 -2.917868e+03
2.282891e-01 3.544440e+02 -2.890049e+03
2.303835e-01 3.022584e+02 -2.853290e+03
2.324779e-01 3.864496e+02 -2.887596e+03
2.345723e-01 3.672653e+02 -2.815253e+03
2.366666e-01 2.920788e+02 -2.804055e+03
2.387610e-01 3.287640e+02 -2.808446e+03
2.408554e-01 3.636903e+02 -2.730438e+03
2.429498e-01 3.476878e+02 -2.706663e+03
2.450442e-01 3.259112e+02 -2.690992e+03
2.471386e-01 3.709764e+02 -2.700461e+03
2.492330e-01 3.358056e+02 -2.638577e+03
2.513274e-01 3.522044e+02 -2.642599e+03
2.534218e-01 3.299343e+02 -2.613546e+03
2.555162e-01 3.449879e+02 -2.615747e+03
2.576106e-01 3.290635e+02 -2.564653e+03
2.597050e-01 3.321375e+02 -2.571731e+03
2.617994e-01 3.280226e+02 -2.522275e+03
2.638938e-01 3.267592e+02 -2.514457e+03
2.659882e-01 3.313045e+02 -2.461505e+03
2.680826e-01 3.241465e+02 -2.504809e+03
2.701770e-01 3.260058e+02 -2.447227e+03
2.722714e-01 3.041359e+02 -2.441323e+03
2.743658e-01 3.296066e+02 -2.413041e+03
2.764602e-01 3.308134e+02 -2.399704e+03
2.785545e-01 3.408967e+02 -2.378003e+03
2.806489e-01 3.183352e+02 -2.375083e+03
2.827433e-01 3.420661e+02 -2.350021e+03
2.848377e-01 3.094884e+02 -2.331966e+03
2.869321e-01 3.283552e+02 -2.276531e+03
2.890265e-01 3.364810e+02 -2.301986e+03
2.911209e-01 3.172966e+02 -2.272025e+03
2.932153e-01 3.377204e+02 -2.252013e+03
2.953097e-01 3.348115e+02 -2.243383e+03
2.974041e-01 3.405424e+02 -2.222130e+03
2.994985e-01 3.300744e+02 -2.215541e+03
3.015929e-01 3.254123e+02 -2.185223e+03
3.036873e-01 3.503821e+02 -2.185848e+03
3.057817e-01 3.299459e+02 -2.170220e+03
3.078761e-01 3.268476e+02 -2.135782e+03
3.099705e-01 3.277696e+02 -2.134932e+03
3.120649e-01 3.449791e+02 -2.112771e+03
3.141593e-01 3.453126e+02 -2.109829e+03
3.162537e-01 3.277091e+02 -2.098910e+03
3.183481e-01 3.257813e+02 -2.080808e+03
3.204425e-01 3.215734e+02 -2.074254e+03
3.225368e-01 3.122296e+02 -2.058245e+03
3.246312e-01 3.274239e+02 -2.030114e+03
3.267256e-01 3.366065e+02 -2.035174e+03
3.288200e-01 3.257035e+02 -2.005064e+03
3.309144e-01 3.336116e+02 -2.006263e+03
3.330088e-01 3.243974e+02 -1.987383e+03
3.351032e-01 3.173259e+02 -1.979321e+03
3.371976e-01 3.377711e+02 -1.949162e+03
3.392920e-01 3.095642e+02 -1.946617e+03
3.413864e-01 3.445525e+02 -1.909302e+03
3.434808e-01 3.430692e+02 -1.925105e+03
3.455752e-01 3.280017e+02 -1.908384e+03
3.476696e-01 3.365167e+02 -1.889708e+03
3.497640e-01 3.295046e+02 -1.891452e+03
3.518584e-01 3.228594e+02 -1.873649e+03
3.539528e-01 3.396507e+02 -1.891306e+03
3.560472e-01 3.256047e+02 -1.848790e+03
3.581416e-01 3.392365e+02 -1.854864e+03
3.602360e-01 3.112813e+02 -1.829653e+03
3.623304e-01 3.341866e+02 -1.821573e+03
3.644247e-01 3.227135e+02 -1.817120e+03
3.665191e-01 3.179186e+02 -1.776002e+03
3.686135e-01 3.391642e+02 -1.773935e+03
3.707079e-01 3.348321e+02 -1.793767e+03
3.728023e-01 3.332856e+02 -1.751222e+03
3.748967e-01 3.111217e+02 -1.751136e+03
3.769911e-01 3.373836e+02 -1.746114e+03
3.790855e-01 3.649395e+02 -1.730893e+03
3.811799e-01 3.260379e+02 -1.717151e+03
3.832743e-01 3.331045e+02 -1.732765e+03
3.853687e-01 3.374444e+02 -1.716504e+03
3.874631e-01 3.183494e+02 -1.701199e+03
3.895575e-01 3.228518e+02 -1.710452e+03
3.916519e-01 3.467732e+02 -1.671840e+03
3.937463e-01 3.192485e+02 -1.662775e+03
3.958407e-01 3.183811e+02 -1.664748e+03
3.979351e-01 3.193435e+02 -1.646176e+03
4.000295e-01 3.368147e+02 -1.656114e+03
4.021239e-01 3.308423e+02 -1.628130e+03
4.042183e-01 3.178304e+02 -1.618288e+03
4.063126e-01 3.241248e+02 -1.613039e+03
4.084070e-01 3.125722e+02 -1.609693e+03
4.105014e-01 3.350571e+02 -1.590636e+03
4.125958e-01 3.482199e+02 -1.594203e+03
4.146902e-01 3.270928e+02 -1.580343e+03
4.167846e-01 3.353919e+02 -1.565469e+03
4.188790e-01 3.281199e+02 -1.558192e+03
4.209734e-01 3.272016e+02 -1.548645e+03
4.230678e-01 3.182751e+02 -1.551068e+03
4.251622e-01 3.253254e+02 -1.523419e+03
4.272566e-01 3.329786e+02 -1.531636e+03
4.293510e-01 3.342425e+02 -1.530512e+03
4.314454e-01 3.394489e+02 -1.512397e+03
4.335398e-01 3.553219e+02 -1.520801e+03
4.356342e-01 3.279452e+02 -1.500528e+03
4.377286e-01 3.405176e+02 -1.490804e+03
4.398230e-01 3.458614e+02 -1.505722e+03
4.419174e-01 3.420126e+02 -1.488334e+03
4.440118e-01 3.144420e+02 -1.485758e+03
4.461062e-01 3.275811e+02 -1.478024e+03
4.482006e-01 3.249761e+02 -1.476232e+03
4.502949e-01 3.394763e+02 -1.474214e+03
4.523893e-01 3.162199e+02 -1.448469e+03
4.544837e-01 3.245334e+02 -1.437848e+03
4.565781e-01 3.073351e+02 -1.450716e+03
4.586725e-01 3.158108e+02 -1.411916e+03
4.607669e-01 3.256979e+02 -1.417405e+03
4.628613e-01 3.313532e+02 -1.394102e+03
4.649557e-01 2.972551e+02 -1.410577e+03
4.670501e-01 3.692707e+02 -1.367897e+03
4.691445e-01 2.939951e+02 -1.403734e+03
4.712389e-01 3.386073e+02 -1.354899e+03
4.733333e-01 3.487151e+02 -1.366345e+03
4.754277e-01 3.456004e+02 -1.358553e+03
4.775221e-01 3.425220e+02 -1.375323e+03
4.796165e-01 3.006202e+02 -1.391438e+03
4.817109e-01 3.362902e+02 -1.320330e+03
4.838053e-01 3.218104e+02 -1.359161e+03
4.858997e-01 3.154263e+02 -1.292015e+03
4.879941e-01 3.478129e+02 -1.343159e+03
4.900885e-01 3.572050e+02 -1.326076e+03
4.921828e-01 3.350249e+02 -1.321756e+03
4.942772e-01 3.368092e+02 -1.310259e+03
4.963716e-01 3.021853e+02 -1.295764e+03
4.984660e-01 3.591344e+02 -1.287687e+03
5.005604e-01 3.516879e+02 -1.296084e+03
5.026548e-01 3.479324e+02 -1.298325e+03
5.047492e-01 3.520983e+02 -1.304152e+03
5.068436e-01 3.264976e+02 -1.277713e+03
5.089380e-01 3.166707e+02 -1.284734e+03
5.110324e-01 3.088774e+02 -1.277225e+03
5.131268e-01 3.276585e+02 -1.250723e+03
5.152212e-01 3.425684e+02 -1.250353e+03
5.173156e-01 3.314300e+02 -1.225342e+03
5.194100e-01 3.428314e+02 -1.239986e+03
5.215044e-01 3.274775e+02 -1.245501e+03
5.235988e-01 3.475207e+02 -1.243074e+03
5.256932e-01 3.398392e+02 -1.243017e+03
5.277876e-01 3.458774e+02 -1.222666e+03
5.298820e-01 3.205005e+02 -1.224521e+03
5.319764e-01 3.339582e+02 -1.220962e+03
5.340708e-01 3.279352e+02 -1.213696e+03
5.361651e-01 3.473329e+02 -1.209235e+03
5.382595e-01 3.273971e+02 -1.217176e+03
5.403539e-01 3.139152e+02 -1.204044e+03
5.424483e-01 3.351406e+02 -1.214162e+03
5.445427e-01 3.026884e+02 -1.176823e+03
5.466371e-01 3.431330e+02 -1.171431e+03
5.487315e-01 3.051014e+02 -1.178142e+03
5.508259e-01 3.289650e+02 -1.154608e+03
5.529203e-01 3.153373e+02 -1.174080e+03
5.550147e-01 3.387916e+02 -1.135673e+03
5.571091e-01 3.710122e+02 -1.145663e+03
5.592035e-01 3.246269e+02 -1.127944e+03
5.612979e-01 3.417938e+02 -1.146713e+03
5.633923e-01 3.304021e+02 -1.163933e+03
5.654867e-01 3.335710e+02 -1.138749e+03
5.675811e-01 3.479790e+02 -1.151186e+03
5.696755e-01 3.309722e+02 -1.116519e+03
5.717699e-01 3.273219e+02 -1.134312e+03
5.738643e-01 3.128300e+02 -1.128383e+03
5.759587e-01 3.147692e+02 -1.126806e+03
5.780530e-01 3.423481e+02 -1.076797e+03
5.801474e-01 3.027091e+02 -1.080098e+03
5.822418e-01 3.608088e+02 -1.094418e+03
5.843362e-01 3.408894e+02 -1.093057e+03
5.864306e-01 3.179081e+02 -1.159692e+03
5.885250e-01 3.478008e+02 -1.029919e+03
5.906194e-01 3.126656e+02 -1.074006e+03
5.927138e-01 3.019470e+02 -1.130299e+03
5.948082e-01 3.386147e+02 -1.113206e+03
5.969026e-01 2.447343e+02 -1.079906e+03
5.989970e-01 2.610224e+02 -9.238007e+02
6.010914e-01 3.402810e+02 -1.097026e+03
6.031858e-01 2.665224e+02 -9.082812e+02
6.052802e-01 3.097472e+02 -1.107751e+03
6.073746e-01 2.907521e+02 -7.584101e+02
6.094690e-01 3.474767e+02 -1.384889e+03
6.115634e-01 7.907745e+02 -5.175518e+02
6.136578e-01 -2.434104e+01 -1.421457e+03
6.157522e-01 -1.638317e+02 -1.024605e+03
6.178466e-01 7.340000e+02 -5.859033e+02
6.199410e-01 6.859181e+02 -7.429525e+02
6.220353e-01 4.770491e+02 -7.548452e+02
6.241297e-01 3.417689e+02 -8.433126e+02
6.262241e-01 2.477629e+02 -1.024820e+03
6.283185e-01 2.566778e+02 -1.113426e+03
6.304129e-01 2.148644e+02 -1.167700e+03
6.325073e-01 3.006823e+02 -1.061854e+03
6.346017e-01 3.142272e+02 -1.145269e+03
6.366961e-01 3.453479e+02 -1.078158e+03
6.387905e-01 2.729064e+02 -1.009355e+03
6.408849e-01 2.726708e+02 -1.022075e+03
6.429793e-01 3.418747e+02 -9.879112e+02
6.450737e-01 3.474693e+02 -1.037402e+03
6.471681e-01 3.374306e+02 -1.015129e+03
6.492625e-01 3.693452e+02 -9.838960e+02
6.513569e-01 3.450891e+02 -1.003899e+03
6.534513e-01 3.615414e+02 -1.007079e+03
6.555457e-01 3.519918e+02 -1.013303e+03
6.576401e-01 3.531706e+02 -1.002176e+03
6.597345e-01 3.288769e+02 -1.010304e+03
6.618289e-01 3.286165e+02 -1.014494e+03
6.639232e-01 3.363450e+02 -9.978367e+02
6.660176e-01 3.414393e+02 -9.828510e+02
6.681120e-01 3.604050e+02 -9.826184e+02
6.702064e-01 3.358376e+02 -9.605772e+02
6.723008e-01 3.327703e+02 -9.832228e+02
6.743952e-01 3.266318e+02 -9.641451e+02
6.764896e-01 3.472170e+02 -9.451983e+02
6.785840e-01 3.434324e+02 -9.500443e+02
6.806784e-01 3.363808e+02 -9.439072e+02
6.827728e-01 3.378659e+02 -9.623976e+02
6.848672e-01 3.254845e+02 -9.510125e+02
6.869616e-01 3.470925e+02 -9.397851e+02
6.890560e-01 3.336334e+02 -9.387628e+02
6.911504e-01 3.319758e+02 -9.289125e+02
6.932448e-01 3.245401e+02 -9.363844e+02
6.953392e-01 3.302157e+02 -9.158578e+02
6.974336e-01 3.362796e+02 -9.171138e+02
6.995280e-01 3.264752e+02 -9.094644e+02
7.016224e-01 3.419672e+02 -9.173229e+02
7.037168e-01 3.381764e+02 -9.146238e+02
7.058111e-01 3.344086e+02 -9.090275e+02
7.079055e-01 3.568826e+02 -9.094059e+02
7.099999e-01 3.454254e+02 -9.176368e+02
7.120943e-01 3.170758e+02 -9.085868e+02
7.141887e-01 3.383086e+02 -8.999379e+02
7.162831e-01 3.199914e+02 -9.054409e+02
7.183775e-01 3.352939e+02 -8.884296e+02
7.204719e-01 3.422421e+02 -8.803694e+02
7.225663e-01 3.226983e+02 -8.888363e+02
7.246607e-01 3.508035e+02 -8.848554e+02
7.267551e-01 3.256530e+02 -8.904670e+02
7.288495e-01 3.510883e+02 -8.789087e+02
7.309439e-01 3.240032e+02 -8.719040e+02
7.330383e-01 3.312464e+02 -8.675478e+02
7.351327e-01 3.479420e+02 -8.569507e+02
7.372271e-01 3.285564e+02 -8.812539e+02
7.393215e-01 3.433441e+02 -8.622426e+02
7.414159e-01 3.492972e+02 -8.717942e+02
7.435103e-01 3.316231e+02 -8.633430e+02
7.456047e-01 3.354164e+02 -8.505046e+02
7.476991e-01 3.344440e+02 -8.555428e+02
7.497934e-01 3.248449e+02 -8.496512e+02
7.518878e-01 3.628259e+02 -8.535224e+02
7.539822e-01 3.228986e+02 -8.618783e+02
7.560766e-01 3.335343e+02 -8.439959e+02
7.581710e-01 3.197673e+02 -8.496014e+02
7.602654e-01 3.398203e+02 -8.274067e+02
7.623598e-01 3.355392e+02 -8.431469e+02
7.644542e-01 3.358759e+02 -8.422804e+02
7.665486e-01 3.361034e+02 -8.270868e+02
7.686430e-01 3.368302e+02 -8.420506e+02
7.707374e-01 3.213313e+02 -8.326548e+02
7.728318e-01 3.343512e+02 -8.211545e+02
7.749262e-01 3.300598e+02 -8.231965e+02
7.770206e-01 3.370358e+02 -8.198984e+02
7.791150e-01 3.254189e+02 -8.204543e+02
7.812094e-01 3.301217e+02 -8.153648e+02
7.833038e-01 3.394889e+02 -8.102839e+02
7.853982e-01 3.251311e+02 -7.898788e+02
7.874926e-01 3.260928e+02 -7.948774e+02
7.895870e-01 3.411267e+02 -7.964107e+02
7.916813e-01 3.284604e+02 -8.057949e+02
7.937757e-01 3.401724e+02 -7.999685e+02
7.958701e-01 3.426567e+02 -7.952462e+02
7.979645e-01 3.365996e+02 -7.977531e+02
8.000589e-01 3.324090e+02 -7.840384e+02
8.021533e-01 3.251853e+02 -7.876088e+02
8.042477e-01 3.269118e+02 -7.841774e+02
8.063421e-01 3.319811e+02 -7.854310e+02
8.084365e-01 3.311764e+02 -7.848554e+02
8.105309e-01 3.475234e+02 -7.830920e+02
8.126253e-01 3.284210e+02 -7.857788e+02
8.147197e-01 3.281732e+02 -7.783618e+02
8.168141e-01 3.317465e+02 -7.734520e+02
8.189085e-01 3.338056e+02 -7.716922e+02
8.210029e-01 3.261199e+02 -7.630997e+02
8.230973e-01 3.359345e+02 -7.601683e+02
8.251917e-01 3.343749e+02 -7.630293e+02
8.272861e-01 3.269393e+02 -7.606890e+02
8.293805e-01 3.313502e+02 -7.550199e+02
8.314749e-01 3.394705e+02 -7.597984e+02
8.335693e-01 3.367168e+02 -7.591313e+02
8.356636e-01 3.261859e+02 -7.421652e+02
8.377580e-01 3.380291e+02 -7.533265e+02
8.398524e-01 3.349187e+02 -7.413018e+02
8.419468e-01 3.418470e+02 -7.488950e+02
8.440412e-01 3.281011e+02 -7.378647e+02
8.461356e-01 3.334038e+02 -7.453726e+02
8.482300e-01 3.429837e+02 -7.375805e+02
8.503244e-01 3.358222e+02 -7.351510e+02
8.524188e-01 3.373928e+02 -7.420414e+02
8.545132e-01 3.367697e+02 -7.415256e+02
8.566076e-01 3.375507e+02 -7.356664e+02
8.587020e-01 3.348950e+02 -7.278715e+02
8.607964e-01 3.325785e+02 -7.326456e+02
8.628908e-01 3.230602e+02 -7.225460e+02
8.649852e-01 3.348649e+02 -7.190234e+02
8.670796e-01 3.384321e+02 -7.203713e+02
8.691740e-01 3.319550e+02 -7.261185e+02
8.712684e-01 3.323359e+02 -7.212210e+02
8.733628e-01 3.364511e+02 -7.083408e+02
8.754572e-01 3.328882e+02 -7.200918e+02
8.775515e-01 3.344295e+02 -7.160056e+02
8.796459e-01 3.333465e+02 -7.063573e+02
8.817403e-01 3.283658e+02 -7.087457e+02
8.838347e-01 3.445642e+02 -7.032733e+02
8.859291e-01 3.333429e+02 -7.070947e+02
8.880235e-01 3.416143e+02 -6.960807e+02
8.901179e-01 3.369700e+02 -7.032483e+02
8.922123e-01 3.338903e+02 -7.040980e+02
8.943067e-01 3.393741e+02 -6.956554e+02
8.964011e-01 3.402082e+02 -6.987934e+02
8.984955e-01 3.492483e+02 -7.021622e+02
9.005899e-01 3.331950e+02 -6.952303e+02
9.026843e-01 3.308461e+02 -6.979578e+02
9.047787e-01 3.315557e+02 -6.891408e+02
9.068731e-01 3.323697e+02 -6.881180e+02
9.089675e-01 3.268935e+02 -6.828617e+02
9.110619e-01 3.346975e+02 -6.786216e+02
9.131563e-01 3.368472e+02 -6.918560e+02
9.152507e-01 3.341564e+02 -6.759012e+02
9.173451e-01 3.253529e+02 -6.784639e+02
9.194394e-01 3.293036e+02 -6.671773e+02
9.215338e-01 3.412652e+02 -6.648040e+02
9.236282e-01 3.375270e+02 -6.688072e+02
9.257226e-01 3.296487e+02 -6.792708e+02
9.278170e-01 3.421701e+02 -6.681921e+02
9.299114e-01 3.235934e+02 -6.668256e+02
9.320058e-01 3.403939e+02 -6.680538e+02
9.341002e-01 3.267606e+02 -6.601152e+02
9.361946e-01 3.337049e+02 -6.501477e+02
9.382890e-01 3.370285e+02 -6.601438e+02
9.403834e-01 3.348986e+02 -6.647538e+02
9.424778e-01 3.418784e+02 -6.405601e+02
9.445722e-01 3.434681e+02 -6.512893e+02
9.466666e-01 3.305507e+02 -6.452352e+02
9.487610e-01 3.340055e+02 -6.514518e+02
9.508554e-01 3.423070e+02 -6.515648e+02
9.529498e-01 3.412585e+02 -6.482499e+02
9.550442e-01 3.450771e+02 -6.466822e+02
9.571386e-01 3.429704e+02 -6.526603e+02
9.592330e-01 3.336710e+02 -6.528043e+02
9.613274e-01 3.416028e+02 -6.444714e+02
9.634217e-01 3.414511e+02 -6.438522e+02
9.655161e-01 3.216638e+02 -6.431077e+02
9.676105e-01 3.378591e+02 -6.362534e+02
9.697049e-01 3.356169e+02 -6.398771e+02
9.717993e-01 3.395081e+02 -6.419870e+02
9.738937e-01 3.266688e+02 -6.302428e+02
9.759881e-01 3.250092e+02 -6.326316e+02
9.780825e-01 3.424039e+02 -6.287458e+02
9.801769e-01 3.284641e+02 -6.298030e+02
9.822713e-01 3.346420e+02 -6.194467e+02
9.843657e-01 3.346091e+02 -6.293510e+02
9.864601e-01 3.408758e+02 -6.285107e+02
9.885545e-01 3.391181e+02 -6.209600e+02
9.906489e-01 3.264000e+02 -6.114826e+02
9.927433e-01 3.333933e+02 -6.158918e+02
9.948377e-01 3.332714e+02 -6.139324e+02
9.969321e-01 3.254990e+02 -6.108769e+02
9.990265e-01 3.276828e+02 -6.127747e+02
1.001121e+00 3.348354e+02 -6.143806e+02
1.003215e+00 3.276011e+02 -6.090623e+02
1.005310e+00 3.437016e+02 -6.052939e+02
1.007404e+00 3.336279e+02 -6.047807e+02
1.009498e+00 3.245230e+02 -6.057162e+02
1.011593e+00 3.343622e+02 -5.929850e+02
1.013687e+00 3.405768e+02 -6.033327e+02
1.015782e+00 3.457326e+02 -6.061964e+02
1.017876e+00 3.353655e+02 -6.053060e+02
1.019970e+00 3.355276e+02 -5.968309e+02
1.022065e+00 3.288127e+02 -5.935179e+02
1.024159e+00 3.333200e+02 -5.964414e+02
1.026254e+00 3.352440e+02 -5.999808e+02
1.028348e+00 3.328269e+02 -5.920683e+02
1.030442e+00 3.287668e+02 -5.888144e+02
1.032537e+00 3.237816e+02 -5.903461e+02
1.034631e+00 3.386067e+02 -5.783716e+02
1.036726e+00 3.346019e+02 -5.850977e+02
1.038820e+00 3.443498e+02 -5.763634e+02
1.040914e+00 3.311184e+02 -5.826133e+02
1.043009e+00 3.472262e+02 -5.855870e+02
1.045103e+00 3.368846e+02 -5.825878e+02
1.047198e+00 3.250000e+02 -5.756182e+02
1.049292e+00 3.385938e+02 -5.803727e+02
1.051386e+00 3.202993e+02 -5.757823e+02
1.053481e+00 3.311793e+02 -5.813331e+02
1.055575e+00 3.380704e+02 -5.770378e+02
1.057670e+00 3.302783e+02 -5.752138e+02
1.059764e+00 3.289076e+02 -5.601915e+02
1.061858e+00 3.299820e+02 -5.654722e+02
1.063953e+00 3.322892e+02 -5.614002e+02
1.066047e+00 3.340136e+02 -5.628421e+02
1.068142e+00 3.402938e+02 -5.560171e+02
1.070236e+00 3.427254e+02 -5.609852e+02
1.072330e+00 3.398469e+02 -5.593514e+02
1.074425e+00 3.382442e+02 -5.684157e+02
1.076519e+00 3.364066e+02 -5.562628e+02
1.078613e+00 3.321196e+02 -5.597565e+02
1.080708e+00 3.301112e+02 -5.602180e+02
1.082802e+00 3.407507e+02 -5.547844e+02
1.084897e+00 3.318885e+02 -5.537764e+02
1.086991e+00 3.376552e+02 -5.501214e+02
1.089085e+00 3.355207e+02 -5.576899e+02
1.091180e+00 3.436204e+02 -5.534564e+02
1.093274e+00 3.287612e+02 -5.563507e+02
1.095369e+00 3.355687e+02 -5.449033e+02
1.097463e+00 3.355292e+02 -5.491008e+02
1.099557e+00 3.360832e+02 -5.380292e+02
1.101652e+00 3.464463e+02 -5.462321e+02
1.103746e+00 3.402670e+02 -5.472753e+02
1.105841e+00 3.304930e+02 -5.469956e+02
1.107935e+00 3.407669e+02 -5.480483e+02
1.110029e+00 3.313240e+02 -5.369887e+02
1.112124e+00 3.314452e+02 -5.275704e+02
1.114218e+00 3.453443e+02 -5.387845e+02
1.116313e+00 3.282128e+02 -5.360796e+02
1.118407e+00 3.357193e+02 -5.325028e+02
1.120501e+00 3.319235e+02 -5.290677e+02
1.122596e+00 3.327380e+02 -5.301237e+02
1.124690e+00 3.372808e+02 -5.255128e+02
1.126785e+00 3.373271e+02 -5.276538e+02
1.128879e+00 3.375269e+02 -5.358432e+02
1.130973e+00 3.388107e+02 -5.321875e+02
1.133068e+00 3.396459e+02 -5.319891e+02
1.135162e+00 3.355631e+02 -5.254918e+02
1.137257e+00 3.254952e+02 -5.259312e+02
1.139351e+00 3.288858e+02 -5.233700e+02
1.141445e+00 3.335406e+02 -5.240208e+02
1.143540e+00 3.344060e+02 -5.099034e+02
1.145634e+00 3.343003e+02 -5.183920e+02
1.147729e+00 3.316472e+02 -5.133898e+02
1.149823e+00 3.382441e+02 -5.170357e+02
1.151917e+00 3.418722e+02 -5.182184e+02
1.154012e+00 3.320444e+02 -5.040026e+02
1.156106e+00 3.407534e+02 -5.150366e+02
1.158200e+00 3.303721e+02 -5.090024e+02
1.160295e+00 3.430913e+02 -5.120451e+02
1.162389e+00 3.403760e+02 -5.194454e+02
1.164484e+00 3.326979e+02 -4.985065e+02
1.166578e+00 3.365709e+02 -5.029416e+02
1.168672e+00 3.269144e+02 -5.021473e+02
1.170767e+00 3.337851e+02 -5.085582e+02
1.172861e+00 3.352262e+02 -5.018888e+02
1.174956e+00 3.348235e+02 -4.982933e+02
1.177050e+00 3.357100e+02 -4.993904e+02
1.179144e+00 3.276002e+02 -4.985234e+02
1.181239e+00 3.326019e+02 -4.987090e+02
1.183333e+00 3.399348e+02 -4.959813e+02
1.185428e+00 3.397617e+02 -4.954491e+02
1.187522e+00 3.373797e+02 -4.938544e+02
1.189616e+00 3.200016e+02 -4.861805e+02
1.191711e+00 3.354118e+02 -5.091871e+02
1.193805e+00 3.352489e+02 -4.874510e+02
1.195900e+00 3.349229e+02 -4.965114e+02
1.197994e+00 3.393312e+02 -4.897350e+02
1.200088e+00 3.243899e+02 -4.951868e+02
1.202183e+00 3.353051e+02 -4.914709e+02
1.204277e+00 3.426261e+02 -4.831158e+02
1.206372e+00 3.300898e+02 -4.894592e+02
1.208466e+00 3.342653e+02 -4.732081e+02
1.210560e+00 3.349796e+02 -4.867779e+02
1.212655e+00 3.447612e+02 -4.589902e+02
1.214749e+00 3.341581e+02 -4.996036e+02
1.216844e+00 3.426037e+02 -4.801421e+02
1.218938e+00 3.262910e+02 -4.926023e+02
1.221032e+00 3.522458e+02 -4.681278e+02
1.223127e+00 3.132965e+02 -4.838517e+02
1.225221e+00 3.356130e+02 -4.874340e+02
1.227316e+00 3.380868e+02 -5.041280e+02
1.229410e+00 3.055659e+02 -4.433413e+02
1.231504e+00 3.409708e+02 -4.549388e+02
1.233599e+00 3.470207e+02 -4.884947e+02
1.235693e+00 3.275330e+02 -4.870933e+02
1.237788e+00 3.396508e+02 -4.658479e+02
1.239882e+00 3.284978e+02 -4.670379e+02
1.241976e+00 3.291501e+02 -4.586490e+02
1.244071e+00 3.108661e+02 -4.611440e+02
1.246165e+00 3.261733e+02 -4.667935e+02
1.248259e+00 3.349069e+02 -4.759578e+02
1.250354e+00 3.313836e+02 -4.798804e+02
1.252448e+00 3.393428e+02 -4.772945e+02
1.254543e+00 3.522774e+02 -4.619959e+02
1.256637e+00 3.474872e+02 -4.675317e+02
1.258731e+00 3.424427e+02 -4.554808e+02
1.260826e+00 3.338012e+02 -4.578550e+02
1.262920e+00 3.354148e+02 -4.562265e+02
1.265015e+00 3.371535e+02 -4.633704e+02
1.267109e+00 3.409473e+02 -4.566264e+02
1.269203e+00 3.400398e+02 -4.555971e+02
1.271298e+00 3.339965e+02 -4.521906e+02
1.273392e+00 3.350859e+02 -4.548428e+02
1.275487e+00 3.367173e+02 -4.418327e+02
1.277581e+00 3.198837e+02 -4.489499e+02
1.279675e+00 3.380115e+02 -4.453190e+02
1.281770e+00 3.302251e+02 -4.563490e+02
1.283864e+00 3.341459e+02 -4.495813e+02
1.285959e+00 3.442672e+02 -4.388163e+02
1.288053e+00 3.449229e+02 -4.464606e+02
1.290147e+00 3.424901e+02 -4.422794e+02
1.292242e+00 3.329910e+02 -4.447466e+02
1.294336e+00 3.387144e+02 -4.450037e+02
1.296431e+00 3.393973e+02 -4.448546e+02
1.298525e+00 3.467289e+02 -4.424866e+02
1.300619e+00 3.367684e+02 -4.446047e+02
1.302714e+00 3.345594e+02 -4.311285e+02
1.304808e+00 3.381361e+02 -4.360371e+02
1.306903e+00 3.342666e+02 -4.237296e+02
1.308997e+00 3.381685e+02 -4.347104e+02
1.311091e+00 3.346789e+02 -4.356337e+02
1.313186e+00 3.382508e+02 -4.373785e+02
1.315280e+00 3.322809e+02 -4.421133e+02
1.317375e+00 3.374970e+02 -4.307362e+02
1.319469e+00 3.368271e+02 -4.350333e+02
1.321563e+00 3.445699e+02 -4.291265e+02
1.323658e+00 3.376964e+02 -4.251071e+02
1.325752e+00 3.341906e+02 -4.250323e+02
1.327846e+00 3.408577e+02 -4.238926e+02
1.329941e+00 3.333638e+02 -4.302613e+02
1.332035e+00 3.324697e+02 -4.211917e+02
1.334130e+00 3.356561e+02 -4.367718e+02
1.336224e+00 3.354284e+02 -4.218378e+02
1.338318e+00 3.387023e+02 -4.221858e+02
1.340413e+00 3.308318e+02 -4.166822e+02
1.342507e+00 3.263527e+02 -4.176729e+02
1.344602e+00 3.349399e+02 -4.250842e+02
1.346696e+00 3.353476e+02 -4.132347e+02
1.348790e+00 3.435864e+02 -4.264531e+02
1.350885e+00 3.340568e+02 -4.150593e+02
1.352979e+00 3.411316e+02 -4.116738e+02
1.355074e+00 3.358620e+02 -4.206363e+02
1.357168e+00 3.348786e+02 -4.172259e+02
1.359262e+00 3.401035e+02 -4.235280e+02
1.361357e+00 3.348470e+02 -4.150035e+02
1.363451e+00 3.451827e+02 -4.155172e+02
1.365546e+00 3.265316e+02 -4.179510e+02
1.367640e+00 3.376727e+02 -4.097543e+02
1.369734e+00 3.419405e+02 -4.061306e+02
1.371829e+00 3.331180e+02 -4.034802e+02
1.373923e+00 3.365066e+02 -4.166510e+02
1.376018e+00 3.378297e+02 -4.144507e+02
1.378112e+00 3.385468e+02 -4.064489e+02
1.380206e+00 3.440491e+02 -4.127457e+02
1.382301e+00 3.309380e+02 -4.061907e+02
1.384395e+00 3.321555e+02 -4.029751e+02
1.386490e+00 3.383906e+02 -4.078624e+02
1.388584e+00 3.404142e+02 -4.078130e+02
1.390678e+00 3.287749e+02 -4.048167e+02
1.392773e+00 3.298980e+02 -4.058193e+02
1.394867e+00 3.366522e+02 -4.039247e+02
1.396962e+00 3.325066e+02 -3.902994e+02
1.399056e+00 3.319124e+02 -4.029913e+02
1.401150e+00 3.316718e+02 -4.042822e+02
1.403245e+00 3.282396e+02 -3.929704e+02
1.405339e+00 3.279291e+02 -3.862529e+02
1.407434e+00 3.295462e+02 -3.885491e+02
1.409528e+00 3.375846e+02 -3.882377e+02
1.411622e+00 3.324732e+02 -3.802141e+02
1.413717e+00 3.398678e+02 -3.807672e+02
1.415811e+00 3.417885e+02 -3.913370e+02
1.417905e+00 3.472847e+02 -3.872025e+02
1.420000e+00 3.398033e+02 -3.848605e+02
1.422094e+00 3.388092e+02 -3.749731e+02
1.424189e+00 3.349807e+02 -3.966137e+02
1.426283e+00 3.319057e+02 -3.757714e+02
1.428377e+00 3.385155e+02 -3.919457e+02
1.430472e+00 3.361567e+02 -3.812170e+02
1.432566e+00 3.259909e+02 -3.854735e+02
1.434661e+00 3.385016e+02 -3.851909e+02
1.436755e+00 3.371509e+02 -3.727638e+02
1.438849e+00 3.228429e+02 -3.882970e+02
1.440944e+00 3.348666e+02 -3.830757e+02
1.443038e+00 3.428006e+02 -3.822357e+02
1.445133e+00 3.382485e+02 -3.756830e+02
1.447227e+00 3.302540e+02 -3.708253e+02
1.449321e+00 3.277935e+02 -3.811873e+02
1.451416e+00 3.440364e+02 -3.801873e+02
1.453510e+00 3.314221e+02 -3.684148e+02
1.455605e+00 3.337292e+02 -3.765703e+02
1.457699e+00 3.357225e+02 -3.719640e+02
1.459793e+00 3.299168e+02 -3.540068e+02
1.461888e+00 3.264774e+02 -3.742029e+02
1.463982e+00 3.383346e+02 -3.719515e+02
1.466077e+00 3.389428e+02 -3.741183e+02
1.468171e+00 3.222839e+02 -3.718202e+02
1.470265e+00 3.403244e+02 -3.757802e+02
1.472360e+00 3.345202e+02 -3.700396e+02
1.474454e+00 3.321289e+02 -3.682451e+02
1.476549e+00 3.240912e+02 -3.665419e+02
1.478643e+00 3.385287e+02 -3.683281e+02
1.480737e+00 3.389176e+02 -3.580608e+02
1.482832e+00 3.501586e+02 -3.713925e+02
1.484926e+00 3.361622e+02 -3.612601e+02
1.487021e+00 3.284757e+02 -3.739096e+02
1.489115e+00 3.361411e+02 -3.591858e+02
1.491209e+00 3.370967e+02 -3.668766e+02
1.493304e+00 3.309242e+02 -3.612842e+02
1.495398e+00 3.272655e+02 -3.637715e+02
1.497492e+00 3.336600e+02 -3.542514e+02
1.499587e+00 3.345483e+02 -3.633363e+02
1.501681e+00 3.361064e+02 -3.524600e+02
1.503776e+00 3.329602e+02 -3.527633e+02
1.505870e+00 3.395359e+02 -3.594619e+02
1.507964e+00 3.395795e+02 -3.651163e+02
1.510059e+00 3.299611e+02 -3.498077e+02
1.512153e+00 3.355999e+02 -3.603262e+02
1.514248e+00 3.392416e+02 -3.571347e+02
1.516342e+00 3.243142e+02 -3.510039e+02
1.518436e+00 3.391797e+02 -3.428982e+02
1.520531e+00 3.371957e+02 -3.525779e+02
1.522625e+00 3.324599e+02 -3.535360e+02
1.524720e+00 3.338024e+02 -3.515856e+02
1.526814e+00 3.348668e+02 -3.464243e+02
1.528908e+00 3.286178e+02 -3.478911e+02
1.531003e+00 3.376344e+02 -3.512408e+02
1.533097e+00 3.347141e+02 -3.437405e+02
1.535192e+00 3.306056e+02 -3.394312e+02
1.537286e+00 3.322178e+02 -3.458702e+02
1.539380e+00 3.401523e+02 -3.440263e+02
1.541475e+00 3.316172e+02 -3.446122e+02
1.543569e+00 3.360881e+02 -3.431876e+02
1.545664e+00 3.377230e+02 -3.478003e+02
1.547758e+00 3.378520e+02 -3.402960e+02
1.549852e+00 3.301148e+02 -3.495819e+02
1.551947e+00 3.347645e+02 -3.401160e+02
1.554041e+00 3.360945e+02 -3.485991e+02
1.556136e+00 3.270524e+02 -3.330967e+02
1.558230e+00 3.371704e+02 -3.356604e+02
1.560324e+00 3.347195e+02 -3.354686e+02
1.562419e+00 3.305536e+02 -3.337789e+02
1.564513e+00 3.405810e+02 -3.360315e+02
1.566608e+00 3.364231e+02 -3.375257e+02
1.568702e+00 3.377996e+02 -3.356321e+02
1.570796e+00 3.390000e+02 -3.403333e+02
1.572891e+00 3.316550e+02 -3.361913e+02
1.574985e+00 3.295131e+02 -3.273191e+02
1.577080e+00 3.392432e+02 -3.298682e+02
1.579174e+00 3.356426e+02 -3.345329e+02
1.581268e+00 3.360518e+02 -3.261997e+02
1.583363e+00 3.308809e+02 -3.310472e+02
1.585457e+00 3.353481e+02 -3.330680e+02
1.587551e+00 3.431200e+02 -3.350361e+02
1.589646e+00 3.259178e+02 -3.254038e+02
1.591740e+00 3.341420e+02 -3.161051e+02
1.593835e+00 3.349850e+02 -3.250265e+02
1.595929e+00 3.341989e+02 -3.319906e+02
1.598023e+00 3.313943e+02 -3.280810e+02
1.600118e+00 3.260215e+02 -3.221787e+02
1.602212e+00 3.316725e+02 -3.185887e+02
1.604307e+00 3.383689e+02 -3.171173e+02
1.606401e+00 3.344970e+02 -3.219484e+02
1.608495e+00 3.376014e+02 -3.197450e+02
1.610590e+00 3.358560e+02 -3.191519e+02
1.612684e+00 3.338483e+02 -3.242337e+02
1.614779e+00 3.380733e+02 -3.218168e+02
1.616873e+00 3.372275e+02 -3.208508e+02
1.618967e+00 3.330459e+02 -3.186205e+02
1.621062e+00 3.380131e+02 -3.286302e+02
1.623156e+00 3.337470e+02 -3.172292e+02
1.625251e+00 3.306425e+02 -3.124214e+02
1.627345e+00 3.361467e+02 -3.110370e+02
1.629439e+00 3.322410e+02 -3.128913e+02
1.631534e+00 3.338701e+02 -3.187611e+02
1.633628e+00 3.282094e+02 -3.146710e+02
1.635723e+00 3.339651e+02 -3.089979e+02
1.637817e+00 3.311129e+02 -3.077408e+02
1.639911e+00 3.356606e+02 -3.085372e+02
1.642006e+00 3.272127e+02 -3.166994e+02
1.644100e+00 3.384712e+02 -3.121696e+02
1.646195e+00 3.307833e+02 -3.085259e+02
1.648289e+00 3.359537e+02 -3.108823e+02
1.650383e+00 3.367189e+02 -3.154617e+02
1.652478e+00 3.292598e+02 -3.063795e+02
1.654572e+00 3.385648e+02 -3.145943e+02
1.656667e+00 3.476477e+02 -3.076185e+02
1.658761e+00 3.312357e+02 -3.011568e+02
1.660855e+00 3.352647e+02 -3.032933e+02
1.662950e+00 3.399940e+02 -3.048631e+02
1.665044e+00 3.333389e+02 -2.994026e+02
1.667139e+00 3.407490e+02 -3.067473e+02
1.669233e+00 3.405369e+02 -2.981795e+02
1.671327e+00 3.325610e+02 -3.051402e+02
1.673422e+00 3.338282e+02 -2.999936e+02
1.675516e+00 3.320932e+02 -2.963288e+02
1.677610e+00 3.345611e+02 -2.970334e+02
1.679705e+00 3.330809e+02 -2.998250e+02
1.681799e+00 3.355835e+02 -2.945283e+02
1.683894e+00 3.307383e+02 -2.944900e+02
1.685988e+00 3.360619e+02 -3.030975e+02
1.688082e+00 3.399658e+02 -2.958302e+02
1.690177e+00 3.371982e+02 -2.990940e+02
1.692271e+00 3.430229e+02 -2.972069e+02
1.694366e+00 3.381176e+02 -2.964635e+02
1.696460e+00 3.366536e+02 -2.966364e+02
1.698554e+00 3.390105e+02 -2.974878e+02
1.700649e+00 3.338339e+02 -2.958200e+02
1.702743e+00 3.394529e+02 -3.005014e+02
1.704838e+00 3.354776e+02 -2.875868e+02
1.706932e+00 3.372360e+02 -2.943877e+02
1.709026e+00 3.278556e+02 -2.980388e+02
1.711121e+00 3.349570e+02 -2.930990e+02
1.713215e+00 3.328655e+02 -2.949732e+02
1.715310e+00 3.328966e+02 -2.915295e+02
1.717404e+00 3.330574e+02 -2.811952e+02
1.719498e+00 3.363813e+02 -2.863737e+02
1.721593e+00 3.397954e+02 -2.890971e+02
1.723687e+00 3.379453e+02 -2.866386e+02
1.725782e+00 3.282331e+02 -2.786778e+02
1.727876e+00 3.335958e+02 -2.744186e+02
1.729970e+00 3.328651e+02 -2.849540e+02
1.732065e+00 3.335332e+02 -2.843226e+02
1.734159e+00 3.276929e+02 -2.865989e+02
1.736254e+00 3.359974e+02 -2.816262e+02
1.738348e+00 3.351052e+02 -2.822603e+02
1.740442e+00 3.389047e+02 -2.787391e+02
1.742537e+00 3.381710e+02 -2.841790e+02
1.744631e+00 3.380137e+02 -2.819898e+02
1.746726e+00 3.286715e+02 -2.766490e+02
1.748820e+00 3.360980e+02 -2.792019e+02
1.750914e+00 3.272476e+02 -2.731030e+02
1.753009e+00 3.297474e+02 -2.754453e+02
1.755103e+00 3.308230e+02 -2.724366e+02
1.757197e+00 3.429873e+02 -2.738998e+02
1.759292e+00 3.376179e+02 -2.733051e+02
1.761386e+00 3.321265e+02 -2.775342e+02
1.763481e+00 3.338912e+02 -2.788810e+02
1.765575e+00 3.390296e+02 -2.644650e+02
1.767669e+00 3.291311e+02 -2.756877e+02
1.769764e+00 3.412911e+02 -2.729025e+02
1.771858e+00 3.409391e+02 -2.728226e+02
1.773953e+00 3.343905e+02 -2.639557e+02
1.776047e+00 3.331754e+02 -2.703837e+02
1.778141e+00 3.309207e+02 -2.705721e+02
1.780236e+00 3.355359e+02 -2.661542e+02
1.782330e+00 3.351041e+02 -2.682523e+02
1.784425e+00 3.361944e+02 -2.644258e+02
1.786519e+00 3.356448e+02 -2.742778e+02
1.788613e+00 3.352599e+02 -2.665274e+02
1.790708e+00 3.329010e+02 -2.747463e+02
1.792802e+00 3.358450e+02 -2.658568e+02
1.794897e+00 3.368896e+02 -2.607858e+02
1.796991e+00 3.399780e+02 -2.713125e+02
1.799085e+00 3.419439e+02 -2.615246e+02
1.801180e+00 3.370436e+02 -2.790295e+02
1.803274e+00 3.422033e+02 -2.627093e+02
1.805369e+00 3.331375e+02 -2.666018e+02
1.807463e+00 3.370295e+02 -2.644092e+02
1.809557e+00 3.294418e+02 -2.501158e+02
1.811652e+00 3.305825e+02 -2.657352e+02
1.813746e+00 3.394559e+02 -2.658836e+02
1.815841e+00 3.406817e+02 -2.582378e+02
1.817935e+00 3.420370e+02 -2.562169e+02
1.820029e+00 3.290215e+02 -2.710037e+02
1.822124e+00 3.441245e+02 -2.539474e+02
1.824218e+00 3.226449e+02 -2.579632e+02
1.826313e+00 3.453086e+02 -2.495133e+02
1.828407e+00 3.349419e+02 -2.684258e+02
1.830501e+00 3.443506e+02 -2.605870e+02
1.832596e+00 3.303610e+02 -2.525066e+02
1.834690e+00 3.331937e+02 -2.543943e+02
1.836785e+00 3.416649e+02 -2.539097e+02
1.838879e+00 3.449129e+02 -2.378245e+02
1.840973e+00 3.291817e+02 -2.651316e+02
1.843068e+00 3.298944e+02 -2.584357e+02
1.845162e+00 3.625418e+02 -2.401144e+02
1.847256e+00 3.560726e+02 -2.652371e+02
1.849351e+00 3.179516e+02 -2.474245e+02
1.851445e+00 3.251521e+02 -2.483503e+02
1.853540e+00 3.370575e+02 -2.478919e+02
1.855634e+00 3.467881e+02 -2.575076e+02
1.857728e+00 3.429212e+02 -2.381465e+02
1.859823e+00 3.375035e+02 -2.445040e+02
1.861917e+00 3.269379e+02 -2.693194e+02
1.864012e+00 3.313661e+02 -2.623814e+02
1.866106e+00 3.446414e+02 -2.527132e+02
1.868200e+00 3.501172e+02 -2.511026e+02
1.870295e+00 3.503581e+02 -2.402967e+02
1.872389e+00 3.436667e+02 -2.348512e+02
1.874484e+00 3.308771e+02 -2.007324e+02
1.876578e+00 3.318662e+02 -2.202364e+02
1.878672e+00 3.192617e+02 -2.304875e+02
1.880767e+00 3.210763e+02 -2.364527e+02
1.882861e+00 3.120776e+02 -2.471773e+02
1.884956e+00 3.338222e+02 -2.441614e+02
1.887050e+00 3.067555e+02 -2.412073e+02
1.889144e+00 3.292081e+02 -2.485734e+02
1.891239e+00 3.214719e+02 -2.400456e+02
1.893333e+00 3.271015e+02 -2.270112e+02
1.895428e+00 3.250998e+02 -2.452351e+02
1.897522e+00 3.245736e+02 -2.406831e+02
1.899616e+00 3.313713e+02 -2.333772e+02
1.901711e+00 3.289202e+02 -2.404446e+02
1.903805e+00 3.333168e+02 -2.494136e+02
1.905900e+00 3.257925e+02 -2.334118e+02
1.907994e+00 3.414371e+02 -2.351196e+02
1.910088e+00 3.255936e+02 -2.357502e+02
1.912183e+00 3.299485e+02 -2.252431e+02
1.914277e+00 3.324240e+02 -2.489706e+02
1.916372e+00 3.367962e+02 -2.314618e+02
1.918466e+00 3.298144e+02 -2.327489e+02
1.920560e+00 3.200801e+02 -2.371983e+02
1.922655e+00 3.486919e+02 -2.356873e+02
1.924749e+00 3.379468e+02 -2.365362e+02
1.926843e+00 3.249577e+02 -2.305378e+02
1.928938e+00 3.372439e+02 -2.388577e+02
1.931032e+00 3.329418e+02 -2.366160e+02
1.933127e+00 3.425865e+02 -2.294381e+02
1.935221e+00 3.321359e+02 -2.385005e+02
1.937315e+00 3.345438e+02 -2.249629e+02
1.939410e+00 3.262647e+02 -2.318581e+02
1.941504e+00 3.361093e+02 -2.299747e+02
1.943599e+00 3.221338e+02 -2.303272e+02
1.945693e+00 3.454517e+02 -2.322254e+02
1.947787e+00 3.374093e+02 -2.226443e+02
1.949882e+00 3.297664e+02 -2.210611e+02
1.951976e+00 3.365200e+02 -2.229619e+02
1.954071e+00 3.474777e+02 -2.307307e+02
1.956165e+00 3.490586e+02 -2.293857e+02
1.958259e+00 3.369489e+02 -2.244156e+02
1.960354e+00 3.332160e+02 -2.321455e+02
1.962448e+00 3.316567e+02 -2.267902e+02
1.964543e+00 3.304667e+02 -2.257620e+02
1.966637e+00 3.271146e+02 -2.158911e+02
1.968731e+00 3.310401e+02 -2.241830e+02
1.970826e+00 3.320940e+02 -2.221195e+02
1.972920e+00 3.295133e+02 -2.207597e+02
1.975015e+00 3.300741e+02 -2.123910e+02
1.977109e+00 3.273921e+02 -2.205424e+02
1.979203e+00 3.371634e+02 -2.110087e+02
1.981298e+00 3.406323e+02 -2.102522e+02
1.983392e+00 3.324600e+02 -2.212869e+02
1.985487e+00 3.335418e+02 -2.206901e+02
1.987581e+00 3.386771e+02 -2.201100e+02
1.989675e+00 3.250958e+02 -2.180578e+02
1.991770e+00 3.327973e+02 -2.111456e+02
1.993864e+00 3.366230e+02 -2.181832e+02
1.995959e+00 3.329551e+02 -2.190232e+02
1.998053e+00 3.360566e+02 -2.174459e+02
2.000147e+00 3.345814e+02 -2.200530e+02
2.002242e+00 3.388060e+02 -2.101018e+02
2.004336e+00 3.332315e+02 -2.108300e+02
2.006431e+00 3.364844e+02 -2.169597e+02
2.008525e+00 3.374711e+02 -2.134312e+02
2.010619e+00 3.335140e+02 -2.105688e+02
2.012714e+00 3.404947e+02 -2.032456e+02
2.014808e+00 3.334611e+02 -2.170459e+02
2.016902e+00 3.338785e+02 -2.164599e+02
2.018997e+00 3.354591e+02 -2.129788e+02
2.021091e+00 3.250916e+02 -2.161556e+02
2.023186e+00 3.364133e+02 -2.065274e+02
2.025280e+00 3.336023e+02 -2.134507e+02
2.027374e+00 3.303512e+02 -2.145637e+02
2.029469e+00 3.310609e+02 -2.127253e+02
2.031563e+00 3.349659e+02 -1.997636e+02
2.033658e+00 3.328513e+02 -2.080835e+02
2.035752e+00 3.360657e+02 -2.113061e+02
2.037846e+00 3.297873e+02 -2.061793e+02
2.039941e+00 3.420783e+02 -2.035500e+02
2.042035e+00 3.270873e+02 -2.095413e+02
2.044130e+00 3.312634e+02 -2.025448e+02
2.046224e+00 3.301768e+02 -2.007428e+02
2.048318e+00 3.335012e+02 -2.017555e+02
2.050413e+00 3.445937e+02 -2.075858e+02
2.052507e+00 3.370298e+02 -1.959153e+02
2.054602e+00 3.354047e+02 -2.041492e+02
2.056696e+00 3.350430e+02 -1.994888e+02
2.058790e+00 3.351586e+02 -2.016990e+02
2.060885e+00 3.378948e+02 -1.996382e+02
2.062979e+00 3.303211e+02 -2.020026e+02
2.065074e+00 3.391926e+02 -1.913136e+02
2.067168e+00 3.426083e+02 -2.053030e+02
2.069262e+00 3.356341e+02 -1.982861e+02
2.071357e+00 3.347783e+02 -1.980965e+02
2.073451e+00 3.295959e+02 -2.003424e+02
2.075546e+00 3.292731e+02 -1.904504e+02
2.077640e+00 3.321030e+02 -1.935202e+02
2.079734e+00 3.351828e+02 -2.040272e+02
2.081829e+00 3.314718e+02 -2.030789e+02
2.083923e+00 3.390816e+02 -1.994375e+02
2.086018e+00 3.300576e+02 -1.991470e+02
2.088112e+00 3.339609e+02 -1.859682e+02
2.090206e+00 3.281298e+02 -1.957295e+02
2.092301e+00 3.310318e+02 -1.927314e+02
2.094395e+00 3.280000e+02 -2.020726e+02
2.096489e+00 3.294931e+02 -1.863926e+02
2.098584e+00 3.378694e+02 -1.903318e+02
2.100678e+00 3.397031e+02 -1.783575e+02
2.102773e+00 3.357838e+02 -1.999322e+02
2.104867e+00 3.364494e+02 -1.899396e+02
2.106961e+00 3.355808e+02 -1.991833e+02
2.109056e+00 3.347037e+02 -1.969041e+02
2.111150e+00 3.333079e+02 -1.895544e+02
2.113245e+00 3.343757e+02 -1.856137e+02
2.115339e+00 3.218404e+02 -1.859732e+02
2.117433e+00 3.285164e+02 -1.900664e+02
2.119528e+00 3.396354e+02 -1.822569e+02
2.121622e+00 3.392759e+02 -1.861658e+02
2.123717e+00 3.282111e+02 -1.886968e+02
2.125811e+00 3.353946e+02 -1.919300e+02
2.127905e+00 3.291829e+02 -1.874778e+02
2.130000e+00 3.314887e+02 -1.816178e+02
2.132094e+00 3.313067e+02 -1.859360e+02
2.134189e+00 3.353309e+02 -1.821298e+02
2.136283e+00 3.412281e+02 -1.791025e+02
2.138377e+00 3.298585e+02 -1.891325e+02
2.140472e+00 3.315500e+02 -1.809922e+02
2.142566e+00 3.277345e+02 -1.818733e+02
2.144661e+00 3.318002e+02 -1.806121e+02
2.146755e+00 3.381900e+02 -1.796082e+02
2.148849e+00 3.292353e+02 -1.883988e+02
2.150944e+00 3.308975e+02 -1.842993e+02
2.153038e+00 3.269969e+02 -1.810453e+02
2.155133e+00 3.196730e+02 -1.835474e+02
2.157227e+00 3.327246e+02 -1.764907e+02
2.159321e+00 3.318753e+02 -1.804620e+02
2.161416e+00 3.278566e+02 -1.755623e+02
2.163510e+00 3.340741e+02 -1.812180e+02
2.165605e+00 3.352643e+02 -1.796736e+02
2.167699e+00 3.325410e+02 -1.749448e+02
2.169793e+00 3.346014e+02 -1.798265e+02
2.171888e+00 3.257611e+02 -1.721584e+02
2.173982e+00 3.315028e+02 -1.732782e+02
2.176077e+00 3.338171e+02 -1.717740e+02
2.178171e+00 3.396336e+02 -1.709644e+02
2.180265e+00 3.375034e+02 -1.821304e+02
2.182360e+00 3.289396e+02 -1.708248e+02
2.184454e+00 3.330059e+02 -1.753613e+02
2.186548e+00 3.291915e+02 -1.787147e+02
2.188643e+00 3.347201e+02 -1.748214e+02
2.190737e+00 3.380111e+02 -1.681785e+02
2.192832e+00 3.294246e+02 -1.713178e+02
2.194926e+00 3.410091e+02 -1.747350e+02
2.197020e+00 3.372901e+02 -1.661000e+02
2.199115e+00 3.290615e+02 -1.779273e+02
2.201209e+00 3.385619e+02 -1.724071e+02
2.203304e+00 3.336272e+02 -1.714402e+02
2.205398e+00 3.353560e+02 -1.666858e+02
2.207492e+00 3.437410e+02 -1.698850e+02
2.209587e+00 3.298359e+02 -1.638158e+02
2.211681e+00 3.344229e+02 -1.666192e+02
2.213776e+00 3.335948e+02 -1.710799e+02
2.215870e+00 3.296647e+02 -1.660033e+02
2.217964e+00 3.319144e+02 -1.633428e+02
2.220059e+00 3.367759e+02 -1.670080e+02
2.222153e+00 3.339615e+02 -1.741434e+02
2.224248e+00 3.333677e+02 -1.626876e+02
2.226342e+00 3.341840e+02 -1.583010e+02
2.228436e+00 3.291663e+02 -1.710524e+02
2.230531e+00 3.298788e+02 -1.595625e+02
2.232625e+00 3.373618e+02 -1.632554e+02
2.234720e+00 3.302475e+02 -1.676864e+02
2.236814e+00 3.311433e+02 -1.603212e+02
2.238908e+00 3.370536e+02 -1.670541e+02
2.241003e+00 3.324270e+02 -1.629857e+02
2.243097e+00 3.317708e+02 -1.608287e+02
2.245192e+00 3.304179e+02 -1.600290e+02
2.247286e+00 3.338967e+02 -1.582406e+02
2.249380e+00 3.386229e+02 -1.604081e+02
2.251475e+00 3.327092e+02 -1.563468e+02
2.253569e+00 3.370494e+02 -1.635281e+02
2.255664e+00 3.381779e+02 -1.615776e+02
2.257758e+00 3.382949e+02 -1.592033e+02
2.259852e+00 3.351308e+02 -1.655317e+02
2.261947e+00 3.331882e+02 -1.573058e+02
2.264041e+00 3.369619e+02 -1.681134e+02
2.266136e+00 3.331890e+02 -1.489269e+02
2.268230e+00 3.386808e+02 -1.607441e+02
2.270324e+00 3.433360e+02 -1.591558e+02
2.272419e+00 3.286930e+02 -1.522234e+02
2.274513e+00 3.350482e+02 -1.501333e+02
2.276607e+00 3.400318e+02 -1.596209e+02
2.278702e+00 3.286264e+02 -1.547781e+02
2.280796e+00 3.433214e+02 -1.580405e+02
2.282891e+00 3.392502e+02 -1.544471e+02
2.284985e+00 3.449663e+02 -1.673723e+02
2.287079e+00 3.308807e+02 -1.473060e+02
2.289174e+00 3.260040e+02 -1.493336e+02
2.291268e+00 3.428241e+02 -1.450463e+02
2.293363e+00 3.296426e+02 -1.460983e+02
2.295457e+00 3.376011e+02 -1.475239e+02
2.297551e+00 3.351055e+02 -1.551216e+02
2.299646e+00 3.384036e+02 -1.527731e+02
2.301740e+00 3.394464e+02 -1.385335e+02
2.303835e+00 3.322054e+02 -1.452275e+02
2.305929e+00 3.415499e+02 -1.511664e+02
2.308023e+00 3.388613e+02 -1.487508e+02
2.310118e+00 3.400307e+02 -1.455668e+02
2.312212e+00 3.348270e+02 -1.435712e+02
2.314307e+00 3.395006e+02 -1.468174e+02
2.316401e+00 3.367885e+02 -1.496816e+02
2.318495e+00 3.348006e+02 -1.482899e+02
2.320590e+00 3.321630e+02 -1.419723e+02
2.322684e+00 3.361262e+02 -1.478824e+02
2.324779e+00 3.332373e+02 -1.519061e+02
2.326873e+00 3.354299e+02 -1.435915e+02
2.328967e+00 3.331569e+02 -1.401204e+02
2.331062e+00 3.393471e+02 -1.396367e+02
2.333156e+00 3.382489e+02 -1.494043e+02
2.335251e+00 3.315064e+02 -1.460344e+02
2.337345e+00 3.229435e+02 -1.463690e+02
2.339439e+00 3.324784e+02 -1.423892e+02
2.341534e+00 3.325491e+02 -1.405585e+02
2.343628e+00 3.370350e+02 -1.452866e+02
2.345723e+00 3.325553e+02 -1.372725e+02
2.347817e+00 3.315418e+02 -1.467411e+02
2.349911e+00 3.339030e+02 -1.375453e+02
2.352006e+00 3.398804e+02 -1.428041e+02
2.354100e+00 3.318967e+02 -1.390110e+02
2.356194e+00 3.322022e+02 -1.345455e+02
2.358289e+00 3.310820e+02 -1.378592e+02
2.360383e+00 3.420327e+02 -1.354265e+02
2.362478e+00 3.337513e+02 -1.386758e+02
2.364572e+00 3.356241e+02 -1.354598e+02
2.366666e+00 3.407593e+02 -1.394880e+02
2.368761e+00 3.283123e+02 -1.387124e+02
2.370855e+00 3.390012e+02 -1.314999e+02
2.372950e+00 3.345099e+02 -1.386937e+02
2.375044e+00 3.343707e+02 -1.295448e+02
2.377138e+00 3.304288e+02 -1.361565e+02
2.379233e+00 3.395575e+02 -1.350529e+02
2.381327e+00 3.446654e+02 -1.256369e+02
2.383422e+00 3.387635e+02 -1.287061e+02
2.385516e+00 3.349278e+02 -1.357559e+02
2.387610e+00 3.327172e+02 -1.247168e+02
2.389705e+00 3.404477e+02 -1.289255e+02
2.391799e+00 3.353880e+02 -1.287864e+02
2.393894e+00 3.330254e+02 -1.310947e+02
2.395988e+00 3.326039e+02 -1.312647e+02
2.398082e+00 3.319062e+02 -1.207456e+02
2.400177e+00 3.349208e+02 -1.367399e+02
2.402271e+00 3.297666e+02 -1.226068e+02
2.404366e+00 3.293717e+02 -1.322940e+02
2.406460e+00 3.317492e+02 -1.255131e+02
2.408554e+00 3.295265e+02 -1.274803e+02
2.410649e+00 3.283193e+02 -1.197649e+02
2.412743e+00 3.381795e+02 -1.294996e+02
2.414838e+00 3.317546e+02 -1.261396e+02
2.416932e+00 3.380188e+02 -1.218824e+02
2.419026e+00 3.269828e+02 -1.219731e+02
2.421121e+00 3.322280e+02 -1.239432e+02
2.423215e+00 3.360641e+02 -1.261334e+02
2.425310e+00 3.337614e+02 -1.223288e+02
2.427404e+00 3.329511e+02 -1.241123e+02
2.429498e+00 3.313449e+02 -1.200988e+02
2.431593e+00 3.327144e+02 -1.194734e+02
2.433687e+00 3.343889e+02 -1.221195e+02
2.435782e+00 3.345279e+02 -1.188941e+02
2.437876e+00 3.355269e+02 -1.253934e+02
2.439970e+00 3.345040e+02 -1.260136e+02
2.442065e+00 3.337810e+02 -1.211522e+02
2.444159e+00 3.320266e+02 -1.153370e+02
2.446253e+00 3.342528e+02 -1.292495e+02
2.448348e+00 3.356908e+02 -1.194248e+02
2.450442e+00 3.355778e+02 -1.191883e+02
2.452537e+00 3.414917e+02 -1.193727e+02
2.454631e+00 3.319252e+02 -1.197373e+02
2.456725e+00 3.309224e+02 -1.278646e+02
2.458820e+00 3.381629e+02 -1.216716e+02
2.460914e+00 3.337695e+02 -1.147483e+02
2.463009e+00 3.417325e+02 -1.237584e+02
2.465103e+00 3.302344e+02 -1.154864e+02
2.467197e+00 3.297949e+02 -1.213174e+02
2.469292e+00 3.344860e+02 -1.165003e+02
2.471386e+00 3.420679e+02 -1.232982e+02
2.473481e+00 3.270787e+02 -1.210985e+02
2.475575e+00 3.386347e+02 -1.092936e+02
2.477669e+00 3.330357e+02 -1.231026e+02
2.479764e+00 3.338444e+02 -1.192597e+02
2.481858e+00 3.326323e+02 -1.111911e+02
2.483953e+00 3.351970e+02 -1.121796e+02
2.486047e+00 3.368813e+02 -1.103024e+02
2.488141e+00 3.349287e+02 -1.096910e+02
2.490236e+00 3.419362e+02 -1.116435e+02
2.492330e+00 3.338278e+02 -1.077062e+02
2.494425e+00 3.281943e+02 -1.034962e+02
2.496519e+00 3.350775e+02 -1.178369e+02
2.498613e+00 3.333368e+02 -1.093220e+02
2.500708e+00 3.321559e+02 -1.159327e+02
2.502802e+00 3.376090e+02 -1.139225e+02
2.504897e+00 3.346038e+02 -1.077865e+02
2.506991e+00 3.341130e+02 -1.092384e+02
2.509085e+00 3.349190e+02 -1.152252e+02
2.511180e+00 3.389142e+02 -1.040953e+02
2.513274e+00 3.366795e+02 -1.097638e+02
2.515369e+00 3.403128e+02 -1.018122e+02
2.517463e+00 3.276243e+02 -1.090927e+02
2.519557e+00 3.387395e+02 -1.066778e+02
2.521652e+00 3.358742e+02 -9.983114e+01
2.523746e+00 3.343535e+02 -1.031953e+02
2.525840e+00 3.293795e+02 -1.128998e+02
2.527935e+00 3.302091e+02 -1.127459e+02
2.530029e+00 3.300799e+02 -1.047780e+02
2.532124e+00 3.371219e+02 -1.043387e+02
2.534218e+00 3.350337e+02 -1.043022e+02
2.536312e+00 3.395472e+02 -1.069767e+02
2.538407e+00 3.365266e+02 -9.724093e+01
2.540501e+00 3.435874e+02 -1.004637e+02
2.542596e+00 3.253237e+02 -1.048397e+02
2.544690e+00 3.332565e+02 -1.056805e+02
2.546784e+00 3.306756e+02 -9.819308e+01
2.548879e+00 3.391406e+02 -1.032672e+02
2.550973e+00 3.337207e+02 -1.108894e+02
2.553068e+00 3.322328e+02 -1.058639e+02
2.555162e+00 3.243518e+02 -1.035499e+02
2.557256e+00 3.333795e+02 -9.833745e+01
2.559351e+00 3.371943e+02 -1.053061e+02
2.561445e+00 3.380045e+02 -1.009579e+02
2.563540e+00 3.347382e+02 -9.760964e+01
2.565634e+00 3.342994e+02 -9.218569e+01
2.567728e+00 3.354144e+02 -1.002743e+02
2.569823e+00 3.334290e+02 -1.012814e+02
2.571917e+00 3.314322e+02 -9.646872e+01
2.574012e+00 3.307954e+02 -1.000396e+02
2.576106e+00 3.323933e+02 -9.863006e+01
2.578200e+00 3.237646e+02 -9.942671e+01
2.580295e+00 3.415854e+02 -9.681164e+01
2.582389e+00 3.283307e+02 -1.048084e+02
2.584484e+00 3.318527e+02 -9.643717e+01
2.586578e+00 3.368687e+02 -9.516665e+01
2.588672e+00 3.359409e+02 -9.509591e+01
2.590767e+00 3.334094e+02 -9.721408e+01
2.592861e+00 3.437342e+02 -9.312686e+01
2.594956e+00 3.344003e+02 -9.834202e+01
2.597050e+00 3.367028e+02 -9.236666e+01
2.599144e+00 3.274282e+02 -9.392626e+01
2.601239e+00 3.304479e+02 -9.675562e+01
2.603333e+00 3.325962e+02 -9.263452e+01
2.605428e+00 3.382561e+02 -9.296286e+01
2.607522e+00 3.378835e+02 -8.797117e+01
2.609616e+00 3.341269e+02 -9.021737e+01
2.611711e+00 3.390077e+02 -1.012861e+02
2.613805e+00 3.351268e+02 -9.137972e+01
2.615899e+00 3.294351e+02 -9.204447e+01
2.617994e+00 3.434793e+02 -9.125977e+01
2.620088e+00 3.328524e+02 -9.255782e+01
2.622183e+00 3.352409e+02 -8.291068e+01
2.624277e+00 3.395367e+02 -9.005608e+01
2.626371e+00 3.346042e+02 -8.214962e+01
2.628466e+00 3.412703e+02 -9.069297e+01
2.630560e+00 3.289971e+02 -9.001345e+01
2.632655e+00 3.348177e+02 -8.784127e+01
2.634749e+00 3.384520e+02 -8.541909e+01
2.636843e+00 3.367212e+02 -8.588275e+01
2.638938e+00 3.254866e+02 -8.829086e+01
2.641032e+00 3.392570e+02 -8.598701e+01
2.643127e+00 3.396119e+02 -7.784807e+01
2.645221e+00 3.302272e+02 -7.968351e+01
2.647315e+00 3.309095e+02 -8.387309e+01
2.649410e+00 3.310913e+02 -8.749850e+01
2.651504e+00 3.343743e+02 -7.938090e+01
2.653599e+00 3.291150e+02 -8.382980e+01
2.655693e+00 3.358786e+02 -8.117950e+01
2.657787e+00 3.347080e+02 -8.176094e+01
2.659882e+00 3.304680e+02 -8.253856e+01
2.661976e+00 3.326208e+02 -7.568641e+01
2.664071e+00 3.348905e+02 -7.987353e+01
2.666165e+00 3.358136e+02 -7.705508e+01
2.668259e+00 3.323675e+02 -7.509079e+01
2.670354e+00 3.332212e+02 -8.296212e+01
2.672448e+00 3.344996e+02 -8.478539e+01
2.674543e+00 3.328621e+02 -7.696669e+01
2.676637e+00 3.380225e+02 -8.155495e+01
2.678731e+00 3.299231e+02 -7.468623e+01
2.680826e+00 3.346577e+02 -7.602599e+01
2.682920e+00 3.358307e+02 -7.435406e+01
2.685015e+00 3.341915e+02 -7.291225e+01
2.687109e+00 3.355065e+02 -7.723542e+01
2.689203e+00 3.322789e+02 -8.103608e+01
2.691298e+00 3.291268e+02 -8.242264e+01
2.693392e+00 3.338242e+02 -7.957858e+01
2.695486e+00 3.313403e+02 -7.280819e+01
2.697581e+00 3.375793e+02 -7.621983e+01
2.699675e+00 3.323075e+02 -7.658069e+01
2.701770e+00 3.416953e+02 -7.592590e+01
2.703864e+00 3.349233e+02 -6.957310e+01
2.705958e+00 3.370415e+02 -7.872310e+01
2.708053e+00 3.314284e+02 -6.878740e+01
2.710147e+00 3.302918e+02 -7.729918e+01
2.712242e+00 3.360440e+02 -7.099296e+01
2.714336e+00 3.347522e+02 -7.431129e+01
2.716430e+00 3.362543e+02 -7.278376e+01
2.718525e+00 3.349596e+02 -8.086486e+01
2.720619e+00 3.385545e+02 -7.515214e+01
2.722714e+00 3.379670e+02 -7.021376e+01
2.724808e+00 3.325010e+02 -7.208336e+01
2.726902e+00 3.249785e+02 -7.283610e+01
2.728997e+00 3.281302e+02 -6.804285e+01
2.731091e+00 3.309270e+02 -6.991497e+01
2.733186e+00 3.372015e+02 -6.315008e+01
2.735280e+00 3.350609e+02 -7.426810e+01
2.737374e+00 3.392409e+02 -6.823641e+01
2.739469e+00 3.341769e+02 -6.581476e+01
2.741563e+00 3.344752e+02 -6.924062e+01
2.743658e+00 3.326954e+02 -6.414081e+01
2.745752e+00 3.292708e+02 -7.338063e+01
2.747846e+00 3.297990e+02 -6.403207e+01
2.749941e+00 3.277766e+02 -6.319493e+01
2.752035e+00 3.396803e+02 -6.679298e+01
2.754130e+00 3.300974e+02 -6.857613e+01
2.756224e+00 3.327889e+02 -6.207160e+01
2.758318e+00 3.391697e+02 -5.849009e+01
2.760413e+00 3.288753e+02 -6.867659e+01
2.762507e+00 3.410597e+02 -6.525661e+01
2.764602e+00 3.316733e+02 -6.196418e+01
2.766696e+00 3.353649e+02 -6.231620e+01
2.768790e+00 3.331945e+02 -6.808698e+01
2.770885e+00 3.355831e+02 -7.153582e+01
2.772979e+00 3.350029e+02 -6.216512e+01
2.775074e+00 3.281781e+02 -6.127482e+01
2.777168e+00 3.396839e+02 -5.811210e+01
2.779262e+00 3.397135e+02 -5.928983e+01
2.781357e+00 3.346258e+02 -5.961842e+01
2.783451e+00 3.320145e+02 -6.183428e+01
2.785545e+00 3.330413e+02 -6.021867e+01