0.000000e+00 1.825018e-02 0.000000e+00
1.073130e-02 -2.906012e-05 -1.182826e-05
2.146261e-02 -3.168013e-05 -2.373231e-05
3.219391e-02 -1.249457e-05 -3.141989e-05
4.292522e-02 -6.882906e-06 -2.304791e-05
5.365652e-02 1.539558e-05 -2.305477e-05
6.438783e-02 -9.442661e-06 -6.598235e-06
7.511913e-02 1.007157e-06 -5.432493e-06
8.585043e-02 -1.006747e-05 7.098581e-08
9.658174e-02 1.031560e-05 -1.046689e-05
1.073130e-01 2.814453e-06 -8.720332e-06
1.180443e-01 -1.258401e-05 -3.595062e-06
1.287757e-01 -2.718882e-06 1.949699e-06
1.395070e-01 2.656686e-06 -2.142827e-05
1.502383e-01 7.449482e-06 -5.152631e-06
1.609696e-01 -1.316312e-05 1.062955e-05
1.717009e-01 -8.519448e-06 -8.652931e-06
1.824322e-01 6.867064e-07 -1.332755e-05
1.931635e-01 -6.001803e-06 -9.032333e-07
2.038948e-01 4.799174e-06 -1.262097e-06
2.146261e-01 -4.179985e-07 -8.596163e-07
2.253574e-01 -3.092319e-06 -4.467152e-06
2.360887e-01 -2.169823e-06 1.106772e-05
2.468200e-01 9.832811e-06 -4.617680e-06
2.575513e-01 5.909149e-06 -1.050962e-05
2.682826e-01 2.717742e-06 -1.606005e-05
2.790139e-01 -1.344401e-05 -5.581375e-06
2.897452e-01 -1.081960e-05 -2.295478e-06
3.004765e-01 -9.766343e-06 3.585087e-06
3.112078e-01 2.766939e-07 1.731347e-05
3.219391e-01 6.545442e-06 6.468501e-06
3.326704e-01 -4.012352e-06 1.478043e-05
3.434017e-01 1.422300e-05 -6.145450e-06
3.541330e-01 -1.716485e-06 6.353491e-06
3.648643e-01 1.742511e-05 1.989442e-06
3.755957e-01 3.573274e-06 -8.964485e-06
3.863270e-01 -4.443197e-06 3.632784e-06
3.970583e-01 4.475646e-06 -8.664040e-06
4.077896e-01 -1.374853e-06 -5.003226e-06
4.185209e-01 -6.111197e-06 -2.916667e-06
4.292522e-01 -1.179701e-06 3.799306e-06
4.399835e-01 -5.680019e-07 1.425788e-05
4.507148e-01 -5.915614e-06 4.768379e-06
4.614461e-01 3.392788e-06 1.136902e-05
4.721774e-01 5.020391e-06 2.973190e-06
4.829087e-01 7.121751e-06 -5.814167e-06
4.936400e-01 1.382029e-07 -7.628488e-07
5.043713e-01 9.685384e-07 -3.806409e-06
5.151026e-01 6.230478e-06 -9.673897e-06
5.258339e-01 5.701968e-06 3.639212e-06
5.365652e-01 8.163606e-06 -4.448175e-06
5.472965e-01 1.550363e-05 -8.926889e-06
5.580278e-01 6.768111e-07 -9.306178e-06
5.687591e-01 -4.891860e-06 -2.124645e-05
5.794904e-01 -1.886553e-06 2.220963e-06
5.902217e-01 -1.077362e-05 -5.177283e-06
6.009530e-01 -2.508033e-06 1.013251e-05
6.116843e-01 9.247538e-07 1.406178e-05
6.224157e-01 1.444179e-05 9.205685e-07
6.331470e-01 1.511908e-06 4.813947e-07
6.438783e-01 9.228413e-06 -7.220222e-06
6.546096e-01 -1.116970e-06 -3.898400e-07
6.653409e-01 1.274898e-05 7.195962e-06
6.760722e-01 2.858559e-06 1.738268e-06
6.868035e-01 9.041230e-06 4.318721e-06
6.975348e-01 1.549658e-05 -9.340237e-06
7.082661e-01 -7.878012e-06 -8.355594e-06
7.189974e-01 2.701460e-06 1.096238e-06
7.297287e-01 -8.443439e-06 -5.283670e-06
7.404600e-01 1.325506e-05 1.241178e-05
7.511913e-01 -6.794476e-07 -5.134462e-06
7.619226e-01 7.448167e-06 1.570885e-06
7.726539e-01 6.699534e-06 -5.057005e-06
7.833852e-01 3.081470e-06 -5.248190e-06
7.941165e-01 4.086422e-06 -5.717056e-06
8.048478e-01 1.138602e-05 -1.574811e-06
8.155791e-01 2.386238e-07 -1.637285e-05
8.263104e-01 -1.359475e-07 -7.294364e-07
8.370417e-01 1.939629e-06 2.587821e-06
8.477730e-01 7.066239e-06 -2.521756e-06
8.585043e-01 -3.045223e-06 -4.050742e-06
8.692357e-01 -5.577588e-07 -1.726773e-06
8.799670e-01 -3.942755e-07 6.654131e-07
8.906983e-01 -6.960201e-06 -2.945904e-07
9.014296e-01 -1.898201e-06 -3.597956e-06
9.121609e-01 3.409073e-06 5.654564e-06
9.228922e-01 2.288584e-06 -1.518215e-06
9.336235e-01 9.777317e-07 -3.902414e-07
9.443548e-01 1.560660e-06 6.039311e-06
9.550861e-01 6.802265e-06 1.375231e-06
9.658174e-01 3.776724e-06 1.668243e-06
9.765487e-01 3.535759e-06 -2.969860e-07
9.872800e-01 3.351915e-07 -7.773794e-06
9.980113e-01 -1.404254e-06 1.034660e-06
1.008743e+00 -1.630404e-07 -1.087495e-06
1.019474e+00 -4.098550e-06 1.675184e-07
1.030205e+00 -3.339354e-06 1.911298e-06
1.040937e+00 -4.347590e-06 4.089660e-06
1.051668e+00 4.404350e-06 3.464157e-06
1.062399e+00 -5.804143e-07 -2.366480e-06
1.073130e+00 -1.173243e-06 3.573640e-06
1.083862e+00 2.741872e-07 5.405635e-07
1.094593e+00 3.085971e-06 -7.716436e-07
1.105324e+00 1.347450e-06 -3.447228e-06
1.116056e+00 1.503669e-06 -4.250935e-06
1.126787e+00 6.070522e-06 -3.280737e-06
1.137518e+00 -5.497365e-06 1.027384e-06
1.148250e+00 -3.722140e-07 3.258994e-06
1.158981e+00 -6.245838e-07 -2.231140e-06
1.169712e+00 -2.422475e-06 1.832055e-06
1.180443e+00 2.709823e-06 -6.195304e-06
1.191175e+00 3.964700e-06 4.061775e-07
1.201906e+00 -1.721638e-06 1.377571e-06
1.212637e+00 2.767724e-06 1.978850e-06
1.223369e+00 4.742693e-06 -1.032163e-06
1.234100e+00 -2.227221e-06 1.629192e-06
1.244831e+00 -2.788830e-06 -5.487181e-07
1.255563e+00 -2.931036e-06 6.008335e-06
1.266294e+00 8.978420e-08 -1.575831e-06
1.277025e+00 5.589409e-07 2.498772e-07
1.287757e+00 -5.563932e-06 -5.555930e-07
1.298488e+00 1.597676e-06 3.507654e-07
1.309219e+00 -1.870012e-06 9.810055e-07
1.319950e+00 3.539810e-06 7.950862e-07
1.330682e+00 -1.428031e-06 1.280380e-07
1.341413e+00 4.846286e-07 3.136095e-06
1.352144e+00 7.379111e-07 5.397987e-06
1.362876e+00 4.419746e-06 -2.520336e-06
1.373607e+00 7.546406e-07 2.851288e-06
1.384338e+00 5.898589e-07 -4.078701e-06
1.395070e+00 -6.229043e-08 -3.617816e-06
1.405801e+00 -1.030595e-06 -2.970070e-06
1.416532e+00 1.949882e-06 -1.525923e-06
1.427263e+00 6.963903e-07 -9.232118e-08
1.437995e+00 -1.135909e-06 2.035152e-07
1.448726e+00 -2.036024e-06 -3.933888e-06
1.459457e+00 2.612725e-06 -2.372962e-07
1.470189e+00 -2.950058e-06 2.117735e-06
1.480920e+00 -2.900126e-07 2.299772e-06
1.491651e+00 1.911153e-06 -1.276748e-06
1.502383e+00 -2.407142e-07 -2.988566e-08
1.513114e+00 7.578487e-07 5.368349e-06
1.523845e+00 2.255538e-06 3.020809e-06
1.534577e+00 1.013768e-06 -1.370923e-07
1.545308e+00 1.451908e-06 1.532436e-06
1.556039e+00 4.878255e-06 3.655838e-07
1.566770e+00 2.535956e-06 -1.429200e-06
1.577502e+00 2.379727e-06 -5.328285e-09
1.588233e+00 2.032373e-06 -4.527637e-06
1.598964e+00 -8.241989e-07 -1.012952e-06
1.609696e+00 4.395091e-07 3.793873e-07
1.620427e+00 3.174131e-06 -2.586096e-06
1.631158e+00 1.012204e-06 4.123014e-06
1.641890e+00 2.411142e-06 -2.994534e-06
1.652621e+00 1.242714e-06 1.094077e-06
1.663352e+00 3.193332e-06 -1.764683e-06
1.674083e+00 1.509724e-06 2.267649e-07
1.684815e+00 -6.961534e-07 9.987853e-07
1.695546e+00 5.023177e-07 -1.858022e-06
1.706277e+00 2.858777e-06 -2.741925e-06
1.717009e+00 3.488035e-06 4.838552e-08
1.727740e+00 -9.589247e-07 -1.510207e-06
1.738471e+00 -3.116662e-06 5.451904e-07
1.749203e+00 5.494022e-07 1.490975e-06
1.759934e+00 9.153717e-07 -3.797071e-06
1.770665e+00 2.892521e-06 2.138752e-06
1.781397e+00 4.496136e-07 -2.106017e-06
1.792128e+00 1.657476e-07 4.382247e-06
1.802859e+00 -2.387703e-06 3.198833e-06
1.813590e+00 3.476642e-06 2.134679e-06
1.824322e+00 5.107648e-06 1.564410e-06
1.835053e+00 3.973742e-06 -1.790247e-06
1.845784e+00 -4.889896e-06 -4.592362e-06
1.856516e+00 3.049899e-07 3.845748e-06
1.867247e+00 2.062818e-06 3.496946e-08
1.877978e+00 -1.798803e-06 -5.116608e-06
1.888710e+00 -3.450677e-06 1.163389e-06
1.899441e+00 2.833202e-06 4.178571e-06
1.910172e+00 -4.807786e-08 9.620630e-07
1.920903e+00 -1.322182e-06 -4.036372e-06
1.931635e+00 3.500581e-07 -8.219734e-08
1.942366e+00 3.118672e-07 4.888694e-06
1.953097e+00 -2.142705e-06 3.165899e-06
1.963829e+00 7.164193e-06 -1.193527e-06
1.974560e+00 7.067424e-07 -9.739456e-07
1.985291e+00 -2.107762e-06 -4.027554e-06
1.996023e+00 2.962925e-06 -5.090266e-06
2.006754e+00 -4.326191e-06 7.012799e-06
2.017485e+00 -5.092983e-07 -3.694376e-08
2.028217e+00 -8.775294e-08 -5.317839e-06
2.038948e+00 -8.247706e-07 -1.593013e-06
2.049679e+00 1.792266e-07 2.638403e-06
2.060410e+00 1.576048e-06 1.056711e-05
2.071142e+00 -3.396786e-06 5.286875e-07
2.081873e+00 -6.087337e-07 4.772192e-06
2.092604e+00 1.017519e-06 -6.725646e-06
2.103336e+00 -2.548681e-06 1.318994e-06
2.114067e+00 4.507198e-06 2.288766e-06
2.124798e+00 3.323638e-07 -1.983162e-06
2.135530e+00 3.683773e-06 -1.187226e-06
2.146261e+00 -5.054943e-06 8.438465e-07
2.156992e+00 1.688439e-06 4.072295e-06
2.167723e+00 1.907505e-06 -7.410008e-06
2.178455e+00 -8.339391e-07 5.111606e-06
2.189186e+00 8.390116e-07 4.271207e-06
2.199917e+00 -5.998947e-06 3.089645e-06
2.210649e+00 -5.469410e-06 9.678909e-06
2.221380e+00 4.426986e-06 2.402962e-06
2.232111e+00 -1.097723e-06 4.142614e-06
2.242843e+00 4.448832e-06 1.815248e-06
2.253574e+00 7.789398e-06 2.478382e-06
2.264305e+00 5.438390e-06 5.460874e-07
2.275037e+00 3.612344e-07 -4.629465e-06
2.285768e+00 -1.829046e-06 1.725628e-06
2.296499e+00 -5.429416e-07 -4.136062e-06
2.307230e+00 8.258734e-07 -7.180995e-06
2.317962e+00 -6.668342e-06 -4.693142e-07
2.328693e+00 2.427016e-06 4.500744e-07
2.339424e+00 -1.971069e-06 -4.782446e-06
2.350156e+00 -7.799205e-06 -2.698117e-07
2.360887e+00 -4.699010e-06 -1.281381e-07
2.371618e+00 -9.864191e-08 3.387250e-06
2.382350e+00 -6.760784e-06 -4.881473e-06
2.393081e+00 6.381102e-07 1.645054e-05
2.403812e+00 -5.561730e-06 -9.442459e-06
2.414543e+00 -2.873829e-06 1.390251e-05
2.425275e+00 -2.740842e-06 2.914386e-06
2.436006e+00 4.442374e-06 9.217779e-06
2.446737e+00 8.114088e-06 4.147134e-06
2.457469e+00 -7.092820e-06 -1.292484e-05
2.468200e+00 -7.365274e-07 6.537310e-06
2.478931e+00 -2.132297e-06 -4.116779e-06
2.489663e+00 -9.433680e-06 1.418721e-05
2.500394e+00 3.526895e-06 -6.264381e-07
2.511125e+00 4.614496e-06 3.854181e-06
2.521857e+00 5.164061e-07 -2.638014e-06
2.532588e+00 -8.335543e-07 3.360212e-06
2.543319e+00 -1.686632e-05 6.115568e-06
2.554050e+00 5.720126e-06 6.445737e-06
2.564782e+00 5.999524e-06 8.965212e-06
2.575513e+00 8.363228e-06 -2.320738e-06
2.586244e+00 8.478042e-06 -4.903461e-06
2.596976e+00 1.763547e-07 -3.096879e-06
2.607707e+00 -4.736111e-06 -6.653305e-06
2.618438e+00 -9.007262e-06 3.242375e-06
2.629170e+00 -6.087919e-06 3.718864e-06
2.639901e+00 4.016679e-06 -1.503025e-06
2.650632e+00 1.355808e-06 1.144855e-05
2.661363e+00 -1.717064e-09 4.632679e-06
2.672095e+00 2.632574e-06 4.267737e-06
2.682826e+00 7.123039e-07 -6.567871e-07
2.693557e+00 3.067226e-06 1.598410e-06
2.704289e+00 8.747354e-06 3.745326e-06
2.715020e+00 3.482170e-06 3.433808e-06
2.725751e+00 6.080222e-06 2.771090e-06
2.736483e+00 6.299947e-07 2.828915e-06
2.747214e+00 7.467338e-06 -4.441088e-06
2.757945e+00 -2.257814e-06 2.117544e-06
2.768677e+00 -2.249473e-06 1.274593e-05
2.779408e+00 3.458179e-06 -4.985958e-06
2.790139e+00 -9.347338e-06 7.877569e-06
2.800870e+00 8.406874e-06 -4.663196e-06
2.811602e+00 -5.088526e-06 7.608383e-06
2.822333e+00 5.135255e-06 1.268650e-05
2.833064e+00 -7.091853e-06 7.568508e-06
2.843796e+00 3.687451e-06 1.348079e-05
2.854527e+00 1.395735e-05 -7.488576e-07
2.865258e+00 9.006797e-06 9.593077e-06
2.875990e+00 7.557104e-06 2.537344e-06
2.886721e+00 2.394657e-06 -1.017731e-06
2.897452e+00 5.915181e-06 1.135503e-06
2.908183e+00 -4.240457e-06 -5.038582e-06
2.918915e+00 5.648209e-06 3.957612e-06
2.929646e+00 3.485225e-06 -5.036061e-07
2.940377e+00 -1.236979e-06 2.711624e-06
2.951109e+00 -8.382004e-06 1.026721e-05
2.961840e+00 5.000729e-06 7.243092e-06
2.972571e+00 6.111077e-06 9.783881e-06
2.983303e+00 7.337611e-06 2.208353e-06
2.994034e+00 1.008889e-06 6.453061e-06
3.004765e+00 -5.155574e-06 -6.542712e-06
3.015497e+00 1.850882e-05 1.163950e-06
3.026228e+00 4.742890e-06 4.300021e-06
3.036959e+00 -1.377154e-05 3.187250e-06
3.047690e+00 -7.139830e-06 -1.887144e-05
3.058422e+00 -1.452953e-05 1.021929e-05
3.069153e+00 1.128950e-05 3.703370e-05
3.079884e+00 -1.076479e-05 -3.149430e-07
3.090616e+00 1.699227e-05 4.367220e-05
3.101347e+00 -2.129370e-05 6.434951e-06
3.112078e+00 3.834871e-05 6.379791e-05
3.122810e+00 -6.369099e-05 -5.328801e-05
3.133541e+00 1.788876e-04 1.347237e-05
3.144272e+00 -1.171568e-04 -8.795149e-06
3.155003e+00 -8.696977e-05 7.407787e-05
3.165735e+00 1.254946e-04 5.055013e-05
3.176466e+00 1.131604e-04 5.215381e-05
3.187197e+00 7.378535e-05 8.467857e-05
3.197929e+00 1.578936e-05 7.831815e-05
3.208660e+00 -4.059332e-05 2.766503e-05
3.219391e+00 -4.403470e-05 -1.682704e-05
3.230123e+00 -4.619509e-05 -2.386312e-05
3.240854e+00 -1.198904e-05 -1.245360e-05
3.251585e+00 -1.184380e-05 -3.440546e-05
3.262317e+00 -5.047361e-07 -1.952920e-05
3.273048e+00 -1.682809e-05 6.343371e-06
3.283779e+00 -2.944213e-05 3.895667e-06
3.294510e+00 -2.834410e-06 -6.795967e-06
3.305242e+00 -5.181871e-06 -1.102287e-05
3.315973e+00 -1.031988e-06 -9.290179e-06
3.326704e+00 8.853414e-06 1.911468e-06
3.337436e+00 3.157418e-06 2.533651e-06
3.348167e+00 7.949818e-06 -6.647408e-06
3.358898e+00 2.297052e-06 -4.051539e-06
3.369630e+00 6.151488e-06 -1.155731e-05
3.380361e+00 -5.987977e-06 -1.166074e-05
3.391092e+00 5.326401e-07 -8.437622e-06
3.401823e+00 -3.095079e-06 -5.353919e-06
3.412555e+00 1.335072e-06 -1.751636e-06
3.423286e+00 4.808010e-06 -1.105692e-05
3.434017e+00 -7.889509e-06 2.729871e-06
3.444749e+00 -1.540614e-06 -9.222953e-06
3.455480e+00 -8.495307e-06 -1.586087e-06
3.466211e+00 1.437057e-05 3.431392e-06
3.476943e+00 8.928773e-06 2.786665e-06
3.487674e+00 8.655793e-06 1.554208e-06
3.498405e+00 5.207516e-06 -1.905988e-05
3.509137e+00 -1.007769e-05 -6.743896e-06
3.519868e+00 5.169221e-06 -1.598440e-05
3.530599e+00 -4.807001e-06 -7.289828e-06
3.541330e+00 -5.398415e-06 -3.892330e-07
3.552062e+00 -5.830384e-06 -3.917667e-06
3.562793e+00 -5.301809e-06 1.038002e-06
3.573524e+00 -2.032338e-06 2.582343e-06
3.584256e+00 -4.409004e-06 6.968890e-06
3.594987e+00 4.686538e-06 1.387525e-06
3.605718e+00 7.551605e-06 1.402048e-06
3.616450e+00 6.237858e-06 -8.486847e-07
3.627181e+00 1.473917e-05 -6.790851e-06
3.637912e+00 7.676290e-06 -9.790373e-06
3.648643e+00 -7.165347e-06 -1.001249e-05
3.659375e+00 -7.547092e-06 -1.257407e-05
3.670106e+00 -7.323218e-06 -1.230530e-05
3.680837e+00 -5.292411e-06 -1.138576e-06
3.691569e+00 -1.381810e-06 6.070190e-06
3.702300e+00 -1.072629e-05 -1.034416e-06
3.713031e+00 2.765836e-06 -8.976368e-06
3.723763e+00 -5.800216e-06 -1.689263e-06
3.734494e+00 2.406549e-06 -1.270580e-06
3.745225e+00 -9.114366e-06 5.817222e-07
3.755957e+00 -1.655204e-06 4.693734e-07
3.766688e+00 3.926230e-06 1.728640e-05
3.777419e+00 8.704456e-06 -8.422132e-06
3.788150e+00 9.971912e-06 -2.890293e-06
3.798882e+00 1.265742e-05 -1.672939e-05
3.809613e+00 4.859384e-07 -8.401570e-06
3.820344e+00 -2.771069e-06 -2.694931e-07
3.831076e+00 -1.454069e-07 -6.498528e-06
3.841807e+00 -2.298453e-06 2.423509e-06
3.852538e+00 1.664635e-05 -6.971303e-06
3.863270e+00 -8.834656e-06 -1.152393e-05
3.874001e+00 3.482388e-06 -1.261722e-05
3.884732e+00 -6.184821e-06 -2.975910e-06
3.895463e+00 -1.560510e-06 8.226848e-06
3.906195e+00 6.404713e-08 -6.359256e-06
3.916926e+00 -2.817480e-06 -5.318710e-06
3.927657e+00 4.288014e-06 -1.869592e-06
3.938389e+00 4.150052e-06 -1.546361e-05
3.949120e+00 -6.264684e-06 -3.380100e-06
3.959851e+00 -3.989592e-06 -7.074911e-06
3.970583e+00 -8.092853e-06 -7.316030e-06
3.981314e+00 -7.286668e-06 -5.359405e-06
3.992045e+00 -1.169054e-05 -9.373968e-06
4.002777e+00 -7.716077e-06 1.292111e-06
4.013508e+00 -8.250888e-06 -6.011384e-07
4.024239e+00 -1.112577e-05 1.280016e-05
4.034970e+00 -9.449071e-06 4.096814e-06
4.045702e+00 4.881321e-06 5.726953e-06
4.056433e+00 2.444494e-06 3.898501e-06
4.067164e+00 -3.134652e-06 8.592898e-06
4.077896e+00 1.018457e-05 4.132635e-06
4.088627e+00 1.095660e-05 -5.835674e-08
4.099358e+00 4.717466e-06 -1.457133e-06
4.110090e+00 -1.589271e-06 -4.858218e-06
4.120821e+00 1.506947e-06 -3.170335e-06
4.131552e+00 -3.333416e-06 -1.197257e-06
4.142283e+00 -8.134337e-07 -1.416849e-06
4.153015e+00 4.972212e-06 -3.678854e-06
4.163746e+00 1.275329e-06 -3.996397e-06
4.174477e+00 2.125032e-06 6.681979e-07
4.185209e+00 -9.615468e-07 -5.329350e-06
4.195940e+00 1.543217e-06 6.228922e-07
4.206671e+00 -4.709101e-06 -3.937223e-06
4.217403e+00 2.250492e-06 4.961246e-07
4.228134e+00 2.215761e-06 -1.063849e-07
4.238865e+00 -2.239620e-06 -7.254073e-06
4.249597e+00 -6.709009e-07 -3.032956e-06
4.260328e+00 9.015211e-09 8.304789e-07
4.271059e+00 6.785609e-06 3.462503e-06
4.281790e+00 -8.231279e-06 5.683965e-06
4.292522e+00 -5.789179e-06 -4.263596e-06
4.303253e+00 2.909705e-06 -3.830576e-07
4.313984e+00 -7.237275e-07 3.148973e-06
4.324716e+00 -4.278519e-06 -4.942431e-06
4.335447e+00 4.088736e-06 -1.109216e-06
4.346178e+00 -2.779166e-06 4.371068e-06
4.356910e+00 2.324681e-07 -6.081662e-06
4.367641e+00 1.616587e-06 -4.225074e-06
4.378372e+00 1.677069e-06 4.180077e-06
4.389103e+00 -3.646441e-06 7.939596e-07
4.399835e+00 1.363204e-07 -7.004310e-06
4.410566e+00 -7.956307e-07 2.865612e-06
4.421297e+00 -2.027402e-06 -3.393219e-06
4.432029e+00 -3.271119e-06 -4.119326e-07
4.442760e+00 -6.387585e-07 -4.609292e-06
4.453491e+00 1.245396e-06 -2.042883e-07
4.464223e+00 5.025860e-07 -8.921717e-07
4.474954e+00 -2.632717e-07 2.871329e-06
4.485685e+00 1.406342e-07 -4.259181e-06
4.496417e+00 3.087436e-06 -2.744450e-07
4.507148e+00 7.668186e-07 1.543038e-06
4.517879e+00 -1.163625e-06 -2.211570e-06
4.528610e+00 -2.928832e-06 -1.525436e-06
4.539342e+00 1.927327e-06 -3.510691e-06
4.550073e+00 1.108343e-06 -3.736193e-06
4.560804e+00 2.621684e-07 2.264741e-06
4.571536e+00 3.264232e-06 3.781533e-07
4.582267e+00 -1.598110e-06 -4.869289e-06
4.592998e+00 -1.886062e-06 -1.767616e-06
4.603730e+00 -8.963197e-07 4.310807e-07
4.614461e+00 -2.050135e-06 -2.845350e-06
4.625192e+00 2.410291e-06 -1.525630e-06
4.635923e+00 -4.583285e-07 -1.212800e-06
4.646655e+00 -6.813577e-07 2.103809e-06
4.657386e+00 1.647292e-06 -1.334110e-06
4.668117e+00 1.418033e-07 7.177902e-07
4.678849e+00 4.159633e-06 2.323791e-06
4.689580e+00 1.506313e-07 -2.579717e-06
4.700311e+00 9.710775e-07 -1.784819e-06
4.711043e+00 3.962339e-07 -4.107860e-07
4.721774e+00 -2.704216e-06 -1.250164e-06
4.732505e+00 -5.231345e-07 1.363309e-06
4.743237e+00 2.400849e-06 1.241257e-06
4.753968e+00 8.764997e-07 -1.649740e-06
4.764699e+00 5.592056e-07 -2.391545e-06
4.775430e+00 1.698879e-06 -8.232311e-07
4.786162e+00 2.914621e-07 -2.502946e-06
4.796893e+00 2.013221e-06 7.594764e-07
4.807624e+00 -3.258199e-06 1.210126e-06
4.818356e+00 -3.829520e-07 -4.489090e-06
4.829087e+00 5.680021e-07 -1.127793e-06
4.839818e+00 -2.886427e-07 -1.219981e-06
4.850550e+00 1.513677e-06 1.945665e-06
4.861281e+00 -2.695729e-06 -3.442730e-06
4.872012e+00 -8.060714e-07 2.038139e-06
4.882743e+00 1.083605e-06 1.286021e-06
4.893475e+00 -4.233838e-07 -4.621169e-07
4.904206e+00 1.741898e-06 1.141949e-07
4.914937e+00 -7.837072e-07 3.673572e-07
4.925669e+00 -1.320780e-06 -2.330753e-06
4.936400e+00 3.708981e-06 1.665274e-06
4.947131e+00 -1.275367e-06 -1.444293e-06
4.957863e+00 -1.439306e-06 -3.070729e-06
4.968594e+00 6.683307e-07 -3.768824e-07
4.979325e+00 2.927910e-06 3.343800e-06
4.990057e+00 -3.275074e-06 -2.448898e-06
5.000788e+00 1.695889e-06 1.215951e-06
5.011519e+00 -1.498702e-06 -1.353485e-06
5.022250e+00 2.928527e-06 1.537019e-06
5.032982e+00 -1.709507e-06 1.865201e-06
5.043713e+00 1.172947e-06 -4.101300e-06
5.054444e+00 9.828766e-07 3.295405e-06
5.065176e+00 2.296387e-06 6.878426e-07
5.075907e+00 -3.992017e-07 2.726366e-07
5.086638e+00 1.847138e-06 -8.757184e-08
5.097370e+00 -1.592854e-06 1.907078e-06
5.108101e+00 -9.459756e-07 -1.847626e-06
5.118832e+00 2.553026e-06 -3.594949e-07
5.129563e+00 3.752453e-07 -2.608554e-07
5.140295e+00 -9.655877e-07 -2.616724e-06
5.151026e+00 1.342087e-06 -1.020199e-06
5.161757e+00 -6.006313e-07 1.206799e-06
5.172489e+00 -1.375600e-06 6.476011e-07
5.183220e+00 1.010185e-07 4.171422e-07
5.193951e+00 3.201748e-06 -1.096954e-06
5.204683e+00 4.542774e-06 -2.933729e-07
5.215414e+00 4.373488e-06 7.323476e-07
5.226145e+00 -5.138947e-07 8.954442e-07
5.236877e+00 -1.849704e-06 -4.286102e-07
5.247608e+00 1.160487e-06 1.683677e-06
5.258339e+00 3.148943e-06 -8.107134e-07
5.269070e+00 -1.613294e-06 -2.602982e-06
5.279802e+00 3.807454e-07 -1.360731e-07
5.290533e+00 2.753105e-07 -3.141538e-06
5.301264e+00 -2.331606e-06 -2.215259e-06
5.311996e+00 -2.170989e-06 -3.795152e-06
5.322727e+00 2.953593e-06 -3.195553e-06
5.333458e+00 4.824396e-06 -1.551946e-06
5.344190e+00 4.434842e-06 2.837628e-07
5.354921e+00 1.413661e-06 2.582433e-06
5.365652e+00 3.316197e-06 1.328263e-06
5.376383e+00 -3.265621e-06 -3.862331e-06
5.387115e+00 -3.786873e-06 2.130951e-06
5.397846e+00 -9.784637e-07 3.332104e-06
5.408577e+00 -2.786122e-06 -2.227684e-06
5.419309e+00 -2.761045e-06 -1.991967e-07
5.430040e+00 -5.686331e-07 -8.251968e-07
5.440771e+00 -1.627758e-06 1.865546e-06
5.451503e+00 -5.349841e-07 -2.592056e-06
5.462234e+00 4.636409e-06 7.462847e-07
5.472965e+00 4.384342e-06 3.903048e-06
5.483697e+00 2.379561e-06 -1.659577e-06
5.494428e+00 2.073213e-07 4.191173e-06
5.505159e+00 5.081401e-07 -1.565100e-06
5.515890e+00 3.778739e-06 -7.090886e-07
5.526622e+00 -1.465419e-06 -6.848803e-07
5.537353e+00 2.487957e-06 -8.834488e-07
5.548084e+00 -7.427757e-07 9.273510e-07
5.558816e+00 -3.909734e-06 3.576339e-07
5.569547e+00 1.511041e-07 9.713466e-07
5.580278e+00 5.715942e-07 -3.976123e-06
5.591010e+00 1.171026e-06 9.081596e-07
5.601741e+00 -2.397149e-06 -4.708451e-06
5.612472e+00 -4.458834e-06 4.931244e-06
5.623203e+00 2.561750e-07 -1.561720e-06
5.633935e+00 1.225112e-06 1.835198e-06
5.644666e+00 2.376070e-06 -7.958399e-08
5.655397e+00 -1.680970e-06 -6.529954e-06
5.666129e+00 -3.234996e-06 -1.920384e-06
5.676860e+00 1.990394e-06 -5.861303e-06
5.687591e+00 -2.327413e-06 -5.268527e-07
5.698323e+00 3.318496e-06 1.568161e-06
5.709054e+00 -7.247456e-07 -1.752501e-06
5.719785e+00 1.127704e-06 -4.742805e-06
5.730517e+00 -7.018294e-07 -6.425077e-06
5.741248e+00 -2.459125e-07 -1.869824e-06
5.751979e+00 -2.360038e-06 -1.964728e-06
5.762710e+00 -2.011846e-07 1.560847e-06
5.773442e+00 -3.289892e-07 4.991495e-06
5.784173e+00 2.990006e-08 -4.211165e-07
5.794904e+00 1.472637e-06 -4.009519e-06
5.805636e+00 3.164883e-06 -8.966818e-07
5.816367e+00 3.748474e-06 5.779971e-07
5.827098e+00 -1.538710e-06 1.752084e-07
5.837830e+00 -2.068236e-06 -1.037398e-06
5.848561e+00 -4.127535e-07 -3.569167e-06
5.859292e+00 1.989292e-06 4.804985e-07
5.870023e+00 3.987945e-07 -2.015818e-06
5.880755e+00 1.636145e-06 -1.553800e-06
5.891486e+00 3.295343e-07 3.456905e-06
5.902217e+00 -1.890306e-06 1.382902e-06
5.912949e+00 -3.946038e-07 1.033923e-06
5.923680e+00 2.968449e-06 9.505829e-08
5.934411e+00 2.758069e-06 2.955279e-06
5.945143e+00 1.947397e-06 -1.697071e-06
5.955874e+00 2.731067e-06 -5.944340e-06
5.966605e+00 1.761691e-06 6.808042e-07
5.977337e+00 3.856765e-06 1.990275e-07
5.988068e+00 -2.717406e-06 -1.601860e-06
5.998799e+00 3.988674e-06 -4.788354e-06
6.009530e+00 2.523388e-06 -2.834251e-06
6.020262e+00 8.003278e-07 1.238411e-06
6.030993e+00 -3.803003e-07 -1.430971e-06
6.041724e+00 -1.560893e-06 4.268214e-06
6.052456e+00 -3.493450e-06 -1.901170e-06
6.063187e+00 2.741358e-06 1.387268e-06
6.073918e+00 1.182212e-06 9.647735e-07
6.084650e+00 2.243641e-06 -2.158268e-06
6.095381e+00 -2.244221e-06 1.372931e-06
6.106112e+00 2.217056e-06 -1.713443e-06
6.116843e+00 -3.710001e-07 1.998152e-06
6.127575e+00 7.544192e-08 -4.663468e-06
6.138306e+00 4.221666e-06 4.203070e-06
6.149037e+00 -3.006416e-06 -1.827055e-06
6.159769e+00 -6.208637e-07 -1.747719e-06
6.170500e+00 8.329711e-06 2.650703e-06
6.181231e+00 -8.438467e-07 1.943559e-06
6.191963e+00 -3.163937e-06 4.830097e-06
6.202694e+00 -3.600725e-06 -6.462551e-06
6.213425e+00 1.414974e-06 1.347239e-05
6.224157e+00 8.120654e-06 -6.828032e-06
6.234888e+00 5.709795e-06 1.253282e-05
6.245619e+00 2.306851e-06 -1.070425e-05
6.256350e+00 1.616617e-05 1.704931e-05
6.267082e+00 -1.491175e-05 -1.298644e-05
6.277813e+00 1.584813e-05 -1.310857e-05
6.288544e+00 2.350871e-05 -5.502189e-06
6.299276e+00 -3.003825e-05 7.375410e-06
6.310007e+00 -6.902922e-06 1.092808e-05
6.320738e+00 1.270477e-05 -4.248500e-06
6.331470e+00 9.510097e-06 -8.803695e-06
6.342201e+00 4.529827e-06 -2.386893e-07
6.352932e+00 -7.608203e-06 -6.135215e-06
6.363663e+00 -4.176957e-06 -7.245736e-06
6.374395e+00 -3.627154e-06 -1.029048e-05
6.385126e+00 1.157744e-05 8.757370e-06
6.395857e+00 3.468802e-06 2.034730e-05
6.406589e+00 -1.476645e-06 1.966282e-05
6.417320e+00 -8.307838e-06 2.716140e-05
6.428051e+00 -2.332687e-05 1.922742e-05
6.438783e+00 -1.756156e-05 5.378719e-06
6.449514e+00 -8.520039e-06 -4.958598e-06
6.460245e+00 -6.086218e-06 -1.351443e-05
6.470977e+00 -3.096000e-07 -6.361628e-06
6.481708e+00 -2.364015e-06 8.462755e-07
6.492439e+00 -4.790633e-06 -1.525316e-07
6.503170e+00 -1.195395e-05 -5.248762e-06
6.513902e+00 -7.593421e-06 -5.341497e-06
6.524633e+00 -3.660895e-06 -2.582065e-06
6.535364e+00 -2.508165e-06 -2.041414e-06
6.546096e+00 6.288564e-07 -2.847286e-06
6.556827e+00 -3.727689e-06 5.719712e-06
6.567558e+00 2.769713e-06 1.516846e-06
6.578290e+00 9.622261e-07 2.014253e-06
6.589021e+00 -4.360247e-06 1.519374e-06
6.599752e+00 -2.227502e-06 -3.340387e-06
6.610483e+00 -3.170867e-06 -2.516842e-06
6.621215e+00 4.739128e-07 -3.743861e-06
6.631946e+00 -4.511161e-07 3.843373e-07
6.642677e+00 -1.896473e-06 -2.044462e-06
6.653409e+00 -7.198849e-06 -1.138632e-06
6.664140e+00 6.123885e-07 -1.507818e-06
6.674871e+00 1.350748e-06 -9.071785e-07
6.685603e+00 8.982167e-07 1.977914e-06
6.696334e+00 -8.652204e-07 -2.904341e-06
6.707065e+00 -3.701598e-06 -1.792893e-07
6.717797e+00 -3.046664e-07 -8.615567e-07
6.728528e+00 -2.599554e-06 3.289915e-07
6.739259e+00 1.363863e-06 2.661678e-06
6.749990e+00 5.905126e-08 -5.109994e-06
6.760722e+00 -1.312862e-06 -1.222250e-06
6.771453e+00 -1.435475e-06 -2.436290e-06
6.782184e+00 3.669727e-07 -1.890850e-06
6.792916e+00 -4.446626e-06 4.500512e-08
6.803647e+00 -6.826327e-06 3.552219e-08
6.814378e+00 -3.712100e-06 3.794501e-06
6.825110e+00 -3.978722e-06 -2.365545e-06
6.835841e+00 1.021003e-05 7.938500e-06
6.846572e+00 -3.186470e-08 8.427570e-06
6.857303e+00 6.405818e-06 3.471599e-07
6.868035e+00 -2.667532e-06 -1.377144e-06
6.878766e+00 5.294435e-06 -4.771077e-06
6.889497e+00 -4.586347e-07 -7.499195e-07
6.900229e+00 -4.869947e-06 -2.539876e-06
6.910960e+00 -2.955039e-06 2.309942e-06
6.921691e+00 4.749985e-07 -3.441831e-06
6.932423e+00 -1.147804e-06 -3.176775e-06
6.943154e+00 -2.868002e-06 -5.536089e-06
6.953885e+00 1.041563e-06 -3.078243e-06
6.964617e+00 -5.375929e-06 8.037194e-08
6.975348e+00 6.986118e-07 2.514360e-06
6.986079e+00 -9.109687e-06 5.448774e-07
6.996810e+00 5.475104e-06 7.683602e-07
7.007542e+00 5.325771e-07 -1.864881e-06
7.018273e+00 -1.643374e-06 5.358923e-09
7.029004e+00 -2.726855e-06 -5.025579e-06
7.039736e+00 -3.061076e-06 3.498148e-06
7.050467e+00 2.519598e-06 4.425819e-06
7.061198e+00 3.513881e-07 -3.705766e-07
7.071930e+00 -4.364153e-06 6.681491e-07
7.082661e+00 6.419319e-06 -4.906628e-07
7.093392e+00 -4.317971e-07 -1.839477e-08
7.104123e+00 -3.980751e-06 4.303191e-06
7.114855e+00 -4.112616e-06 2.038115e-06
7.125586e+00 -1.732557e-06 5.372322e-06
7.136317e+00 3.569583e-10 6.391942e-07
7.147049e+00 -1.888443e-06 5.357901e-06
7.157780e+00 4.613205e-07 -1.096905e-06
7.168511e+00 4.338309e-06 2.908263e-06
7.179243e+00 -9.235449e-07 7.334385e-06
7.189974e+00 1.182839e-06 -3.194862e-06
7.200705e+00 2.361011e-06 -2.926838e-06
7.211437e+00 3.235848e-06 -3.243464e-06
7.222168e+00 6.387298e-07 -1.886605e-06
7.232899e+00 3.987227e-06 -3.376923e-06
7.243630e+00 1.546043e-06 -4.371385e-06
7.254362e+00 2.475892e-06 -1.937065e-06
7.265093e+00 -1.306356e-06 -4.592183e-06
7.275824e+00 -1.345738e-06 -1.267258e-06
7.286556e+00 -1.233847e-06 -5.923743e-06
7.297287e+00 2.531108e-06 -2.634740e-07
7.308018e+00 5.222484e-06 1.606588e-06
7.318750e+00 -9.699613e-07 2.318684e-06
7.329481e+00 -2.629680e-06 -8.063751e-07
7.340212e+00 2.871226e-06 -5.332719e-07
7.350943e+00 -5.097045e-07 -1.614799e-08
7.361675e+00 3.361929e-06 -4.408009e-06
7.372406e+00 -1.258261e-06 4.560040e-06
7.383137e+00 -7.135702e-07 9.066874e-07
7.393869e+00 1.292966e-06 -3.356108e-07
7.404600e+00 -4.996498e-06 -1.951163e-06
7.415331e+00 4.112531e-07 1.265781e-07
7.426063e+00 5.033188e-06 5.276074e-06
7.436794e+00 -7.014362e-06 -1.884861e-06
7.447525e+00 3.470572e-06 -3.600488e-07
7.458257e+00 -6.358274e-07 1.490450e-06
7.468988e+00 -7.544503e-07 -2.255016e-06
7.479719e+00 7.430021e-06 -1.299331e-06
7.490450e+00 3.275714e-06 2.873279e-06
7.501182e+00 -5.603097e-06 1.227867e-06
7.511913e+00 -2.068174e-06 -2.859103e-06
7.522644e+00 6.587885e-06 -5.110528e-07
7.533376e+00 -3.429394e-06 3.696177e-06
7.544107e+00 2.505667e-06 -3.418608e-06
7.554838e+00 -8.167932e-07 -1.757467e-06
7.565570e+00 -1.598907e-06 3.378581e-06
7.576301e+00 1.432613e-06 -1.901183e-06
7.587032e+00 2.195050e-06 -4.498610e-06
7.597763e+00 1.234460e-06 -2.713553e-06
7.608495e+00 2.637736e-06 -3.947687e-07
7.619226e+00 -7.230016e-07 4.006974e-06
7.629957e+00 6.847206e-07 -2.961273e-06
7.640689e+00 -2.968705e-06 -3.107544e-06
7.651420e+00 1.819145e-06 -8.311319e-08
7.662151e+00 2.779699e-07 1.395804e-07
7.672883e+00 2.564933e-06 -9.910240e-08
7.683614e+00 -2.601218e-06 2.788484e-07
7.694345e+00 -8.435598e-07 2.630823e-07
7.705077e+00 -8.668436e-07 -3.563629e-06
7.715808e+00 2.674786e-07 1.928845e-06
7.726539e+00 -4.529939e-06 1.840541e-06
7.737270e+00 -4.941875e-07 1.965561e-06
7.748002e+00 1.081928e-06 1.131115e-07
7.758733e+00 4.660856e-07 1.092075e-06
7.769464e+00 -1.611983e-06 3.639515e-06
7.780196e+00 1.046040e-07 1.143088e-06
7.790927e+00 1.113766e-06 -2.533902e-07
7.801658e+00 5.417986e-07 -2.709385e-07
7.812390e+00 1.007755e-06 1.903287e-06
7.823121e+00 -8.091324e-08 -1.786175e-06
7.833852e+00 1.400693e-06 2.612207e-08
7.844583e+00 -2.021283e-07 -1.192547e-06
7.855315e+00 -6.361792e-07 2.300284e-06
7.866046e+00 -2.545156e-07 5.170427e-07
7.876777e+00 2.589894e-06 -5.167411e-06
7.887509e+00 -3.247411e-06 -1.937895e-06
7.898240e+00 8.011181e-08 1.858640e-06
7.908971e+00 -3.226938e-06 1.410630e-07
7.919703e+00 8.740052e-07 3.808190e-07
7.930434e+00 -6.675340e-07 6.965398e-07
7.941165e+00 1.428133e-06 6.603740e-07
7.951897e+00 2.613023e-06 -1.342804e-06
7.962628e+00 -1.759018e-06 5.707792e-07
7.973359e+00 2.097639e-06 -3.851973e-07
7.984090e+00 -1.891611e-06 2.113418e-06
7.994822e+00 1.197610e-06 -3.546379e-07
8.005553e+00 -1.674133e-06 -6.172075e-07
8.016284e+00 -2.840725e-06 -2.398438e-07
8.027016e+00 8.545223e-08 1.209583e-06
8.037747e+00 -4.327991e-06 -1.224585e-06
8.048478e+00 -2.231512e-07 2.396972e-06
8.059210e+00 -2.246310e-06 6.838968e-07
8.069941e+00 1.488677e-06 1.472895e-06
8.080672e+00 -1.064378e-07 1.461146e-06
8.091403e+00 2.798380e-08 2.015224e-06
8.102135e+00 9.344019e-07 -4.985934e-07
8.112866e+00 3.279490e-07 -2.037908e-06
8.123597e+00 -2.021021e-06 -3.452231e-06
8.134329e+00 1.272388e-06 -6.696103e-07
8.145060e+00 1.286162e-07 1.806596e-06
8.155791e+00 1.236901e-06 -3.128875e-06
8.166523e+00 -2.839615e-06 8.213836e-07
8.177254e+00 2.364710e-06 -2.203727e-06
8.187985e+00 -2.140758e-06 1.641666e-06
8.198717e+00 6.931191e-07 -4.538861e-07
8.209448e+00 -1.420372e-06 5.844046e-07
8.220179e+00 1.154102e-06 2.008946e-06
8.230910e+00 3.269706e-06 1.508524e-06
8.241642e+00 -1.890909e-06 -6.235980e-08
8.252373e+00 9.299490e-07 -2.336807e-06
8.263104e+00 1.536118e-06 -6.596387e-07
8.273836e+00 -1.008996e-06 -2.526636e-06
8.284567e+00 1.223350e-06 6.056610e-07
8.295298e+00 -6.721535e-07 7.972941e-07
8.306030e+00 1.486329e-07 -1.783396e-06
8.316761e+00 -2.422448e-06 -2.034753e-06
8.327492e+00 4.178717e-07 1.489261e-07
8.338223e+00 -1.595541e-06 1.237923e-06
8.348955e+00 3.355632e-07 -5.958387e-07
8.359686e+00 -5.181310e-07 -1.462473e-06
8.370417e+00 -9.372345e-07 2.222723e-06
8.381149e+00 2.015833e-06 8.421106e-07
8.391880e+00 1.226090e-06 2.485396e-07
8.402611e+00 1.167551e-06 5.077157e-07
8.413343e+00 -1.354617e-06 2.770111e-07
8.424074e+00 3.263318e-07 -3.206690e-06
8.434805e+00 -3.984857e-07 -3.175032e-06
8.445537e+00 -2.103682e-06 -9.613016e-07
8.456268e+00 3.078363e-06 -7.784610e-07
8.466999e+00 3.085379e-06 -5.520185e-07
8.477730e+00 2.193752e-07 -2.889248e-06
8.488462e+00 4.651148e-07 -1.219446e-06
8.499193e+00 -5.327196e-07 1.507358e-06
8.509924e+00 1.810581e-06 -3.813979e-06
8.520656e+00 1.218572e-06 2.104027e-06
8.531387e+00 9.115073e-07 7.230707e-07
8.542118e+00 1.043804e-06 -1.023816e-06
8.552850e+00 -7.219164e-07 -3.607003e-06
8.563581e+00 2.351780e-06 -3.516931e-06
8.574312e+00 -1.952345e-06 -2.639921e-06
8.585043e+00 -5.176183e-07 -1.827422e-06
8.595775e+00 -1.509450e-07 -8.574487e-07
8.606506e+00 1.386483e-06 2.586511e-06
8.617237e+00 -3.002474e-06 -2.336887e-06
8.627969e+00 -1.267340e-06 4.249306e-06
8.638700e+00 -3.483954e-07 8.922901e-07
8.649431e+00 1.649258e-06 3.267354e-06
8.660163e+00 5.897022e-08 -3.347782e-07
8.670894e+00 3.638448e-06 2.389813e-06
8.681625e+00 1.798046e-06 1.541148e-06
8.692357e+00 -3.473051e-07 1.113976e-07
8.703088e+00 1.509045e-06 9.764317e-07
8.713819e+00 -2.755775e-07 -1.562831e-06
8.724550e+00 6.156487e-08 -8.553280e-07
8.735282e+00 1.280464e-07 -1.688804e-06
8.746013e+00 8.875519e-07 1.219376e-06
8.756744e+00 1.539225e-06 -5.216927e-06
8.767476e+00 3.505536e-06 -3.689021e-06
8.778207e+00 -5.273773e-07 -1.247990e-06
8.788938e+00 -2.236195e-06 -8.091780e-07
8.799670e+00 -2.573193e-06 2.257103e-06
8.810401e+00 1.609122e-06 -1.545830e-07
8.821132e+00 1.504244e-06 -2.781758e-06
8.831863e+00 3.262153e-06 -2.196401e-06
8.842595e+00 -1.946261e-06 -1.785597e-06
8.853326e+00 -1.345953e-06 -2.008819e-07
8.864057e+00 2.746939e-06 9.959408e-07
8.874789e+00 -4.942686e-07 -8.596033e-07
8.885520e+00 2.580707e-06 -1.551092e-06
8.896251e+00 2.093667e-06 -1.879130e-06
8.906983e+00 1.427768e-06 -1.520265e-06
8.917714e+00 -1.126982e-06 -3.191522e-06
8.928445e+00 -3.821107e-06 1.014614e-07
8.939177e+00 -1.510935e-06 3.843950e-07
8.949908e+00 1.857945e-07 4.623281e-07
8.960639e+00 2.463348e-06 -8.587104e-07
8.971370e+00 2.022561e-07 1.054596e-06
8.982102e+00 7.782562e-07 -1.748052e-06
8.992833e+00 1.468750e-06 5.817206e-07
9.003564e+00 -2.220395e-06 1.419227e-07
9.014296e+00 1.831028e-07 -3.459115e-07
9.025027e+00 -1.067267e-06 2.205172e-07
9.035758e+00 -1.375509e-06 -2.585595e-06
9.046490e+00 1.506811e-07 1.116918e-06
9.057221e+00 1.107174e-06 -5.367463e-07
9.067952e+00 -5.880724e-07 1.087063e-06
9.078683e+00 4.508608e-07 -4.304968e-09
9.089415e+00 -2.029024e-06 -4.393196e-07
9.100146e+00 -8.349678e-07 4.088313e-07
9.110877e+00 -8.763386e-07 -1.885726e-06
9.121609e+00 1.012906e-06 -2.097203e-06
9.132340e+00 -2.897787e-07 8.061338e-07
9.143071e+00 1.299832e-06 -1.997742e-07
9.153803e+00 1.245142e-06 1.552186e-06
9.164534e+00 2.308818e-07 -5.316503e-07
9.175265e+00 1.396433e-06 2.696600e-06
9.185997e+00 -8.504564e-07 -1.600011e-06
9.196728e+00 1.122297e-06 -2.094234e-06
9.207459e+00 3.252729e-06 3.764680e-07
9.218190e+00 -4.648757e-06 -1.268890e-06
9.228922e+00 9.634857e-07 -1.456102e-06
9.239653e+00 1.034744e-07 4.148387e-07
9.250384e+00 -2.507595e-06 6.168546e-07
9.261116e+00 -1.058020e-06 -2.207962e-06
9.271847e+00 -2.461615e-07 1.113987e-06
9.282578e+00 5.475468e-06 -3.160679e-06
9.293310e+00 1.118512e-06 1.884128e-06
9.304041e+00 -1.501021e-06 2.585492e-07
9.314772e+00 -9.612239e-07 2.472920e-06
9.325503e+00 4.637504e-06 -3.875274e-06
9.336235e+00 8.869831e-08 1.814177e-06
9.346966e+00 5.710282e-07 -2.950017e-06
9.357697e+00 7.526511e-07 3.573431e-06
9.368429e+00 1.129680e-06 -1.924935e-06
9.379160e+00 2.071803e-06 2.761163e-06
9.389891e+00 -1.344076e-06 -2.667425e-06
9.400623e+00 4.109669e-06 -5.852352e-07
9.411354e+00 2.840021e-06 -2.175124e-06
9.422085e+00 -9.818907e-07 4.693353e-06
9.432817e+00 1.387644e-06 -1.823016e-07
9.443548e+00 -9.631248e-07 -2.235239e-06
9.454279e+00 -5.902906e-07 3.038097e-06
9.465010e+00 4.944959e-06 1.212893e-06
9.475742e+00 -7.825265e-07 -5.636332e-06
9.486473e+00 -1.916393e-06 -2.019808e-06
9.497204e+00 2.369048e-07 -4.614950e-07
9.507936e+00 6.589078e-07 2.842772e-07
9.518667e+00 -1.451724e-06 3.124304e-06
9.529398e+00 -1.579720e-06 2.067959e-06
9.540130e+00 9.313842e-07 3.799301e-07
9.550861e+00 1.670166e-06 -2.710115e-06
9.561592e+00 2.016489e-06 -1.782119e-06
9.572323e+00 5.063861e-08 -1.465878e-06
9.583055e+00 2.038091e-06 1.030325e-06
9.593786e+00 3.509133e-06 2.318543e-06
9.604517e+00 -1.412852e-06 1.132404e-06
9.615249e+00 -9.782100e-08 2.553004e-06
9.625980e+00 -1.150221e-06 1.763141e-06
9.636711e+00 1.333950e-06 1.058515e-06
9.647443e+00 8.315326e-07 -1.467460e-06
9.658174e+00 4.302657e-07 2.358969e-06
9.668905e+00 1.020074e-06 8.155997e-07
9.679637e+00 -1.955918e-06 1.265074e-06
9.690368e+00 -3.064219e-06 1.000149e-06
9.701099e+00 2.640909e-07 -2.484902e-06
9.711830e+00 -1.304168e-07 -1.019542e-06
9.722562e+00 -2.159719e-06 -3.010553e-06
9.733293e+00 -2.678175e-06 -1.664210e-06
9.744024e+00 -1.190338e-06 -9.872049e-07
9.754756e+00 -4.962104e-07 -2.636009e-06
9.765487e+00 5.930532e-07 1.933424e-06
9.776218e+00 -1.635509e-06 1.548665e-06
9.786950e+00 1.168844e-07 -1.509678e-06
9.797681e+00 -3.781598e-06 2.973347e-06
9.808412e+00 4.681008e-07 2.180338e-07
9.819143e+00 -9.872347e-07 -7.777295e-07
9.829875e+00 5.881010e-07 -1.769562e-06
9.840606e+00 -9.907295e-07 -2.730480e-06
9.851337e+00 2.836402e-07 -2.132118e-07
9.862069e+00 1.957837e-06 1.597123e-06
9.872800e+00 2.203179e-06 6.240061e-07
9.883531e+00 1.104511e-06 -3.405953e-07
9.894263e+00 3.107000e-07 1.590391e-06
9.904994e+00 -6.146409e-07 -8.351708e-07
9.915725e+00 1.588691e-06 1.203420e-07
9.926457e+00 -1.376141e-06 -2.637486e-06
9.937188e+00 -2.927644e-07 5.921575e-07
9.947919e+00 -9.610053e-07 -2.357043e-07
9.958650e+00 2.416254e-07 -2.795365e-06
9.969382e+00 -9.370461e-07 -4.422818e-07
9.980113e+00 2.669144e-06 3.388407e-08
9.990844e+00 -1.057238e-07 -4.558565e-07
1.000158e+01 -8.512044e-07 4.529595e-07
1.001231e+01 -5.001595e-06 -5.177326e-07
1.002304e+01 1.497119e-06 2.557220e-06
1.003377e+01 2.874425e-06 1.021977e-06
1.004450e+01 -7.643232e-07 -2.883486e-08
1.005523e+01 1.711575e-06 -1.282868e-07
1.006596e+01 1.555899e-06 -2.726194e-06
1.007669e+01 1.104683e-06 -1.610861e-06
1.008743e+01 -1.782486e-06 -1.570555e-06
1.009816e+01 -3.325514e-06 -6.095803e-08
1.010889e+01 9.641221e-07 -1.633214e-06
1.011962e+01 -6.237573e-07 -2.377741e-07
1.013035e+01 -2.100725e-06 4.224661e-07
1.014108e+01 -1.413261e-06 1.503464e-07
1.015181e+01 -2.755948e-06 7.441765e-07
1.016255e+01 -1.410244e-06 1.924149e-06
1.017328e+01 -1.018069e-06 -1.596573e-06
1.018401e+01 6.219411e-08 2.025097e-06
1.019474e+01 -1.085767e-06 1.394483e-06
1.020547e+01 -9.219576e-07 -2.709289e-06
1.021620e+01 -2.310006e-07 9.943235e-07
1.022693e+01 -5.673689e-07 -8.958653e-07
1.023766e+01 1.718278e-08 -5.574503e-07
1.024840e+01 -8.507102e-07 2.897889e-07
1.025913e+01 -1.994780e-06 1.116385e-07
1.026986e+01 -2.531725e-06 -4.673252e-07
1.028059e+01 8.887497e-07 -2.021242e-07
1.029132e+01 2.279638e-07 2.777419e-06
1.030205e+01 1.498347e-06 -6.415302e-07
1.031278e+01 9.032606e-07 6.261009e-07
1.032351e+01 -9.949128e-07 1.637770e-06
1.033425e+01 -7.614360e-08 -3.751922e-07
1.034498e+01 -3.113726e-07 -7.689597e-07
1.035571e+01 3.426342e-06 1.282301e-06
1.036644e+01 2.620494e-07 1.395494e-07
1.037717e+01 -2.486172e-06 -1.428983e-06
1.038790e+01 -2.422106e-07 1.244874e-06
1.039863e+01 4.231841e-07 -2.397343e-06
1.040937e+01 2.837148e-08 -9.199144e-07
1.042010e+01 3.823819e-07 -2.721819e-06
1.043083e+01 3.189127e-09 -9.372815e-07
1.044156e+01 -1.207780e-06 -2.804959e-06
1.045229e+01 -1.385265e-06 2.702664e-06
1.046302e+01 -1.026612e-06 2.256124e-06
1.047375e+01 -4.751222e-07 -1.653510e-06
1.048448e+01 3.676752e-06 7.956387e-07
1.049522e+01 4.407907e-07 -1.595897e-06
1.050595e+01 2.442866e-06 9.805385e-08
1.051668e+01 6.922282e-07 -1.696841e-07
1.052741e+01 2.934123e-07 3.191942e-07
1.053814e+01 3.536409e-06 -6.673571e-07
1.054887e+01 3.727475e-06 -3.453871e-06
1.055960e+01 1.741512e-06 4.562336e-07
1.057033e+01 1.697978e-06 6.655506e-06
1.058107e+01 -6.962600e-07 7.314011e-07
1.059180e+01 -1.160122e-07 -1.850910e-06
1.060253e+01 1.183413e-08 -8.423812e-07
1.061326e+01 -3.249678e-06 -1.856465e-06
1.062399e+01 3.461097e-06 -3.026399e-06
1.063472e+01 4.627194e-06 -2.610540e-06
1.064545e+01 -2.372450e-06 -1.837664e-06
1.065619e+01 3.123488e-06 -4.672561e-06
1.066692e+01 4.319689e-06 1.142052e-06
1.067765e+01 -7.108308e-07 1.406104e-06
1.068838e+01 3.168421e-07 2.826196e-06
1.069911e+01 -1.850234e-06 1.024488e-06
1.070984e+01 -2.646792e-06 4.889223e-06
1.072057e+01 -1.832272e-06 -6.008010e-07
1.073130e+01 -1.425901e-06 1.380851e-06
1.074204e+01 2.471863e-06 -1.644869e-07
1.075277e+01 3.811801e-06 1.126088e-06
1.076350e+01 -6.262987e-07 1.976827e-06
1.077423e+01 9.771305e-07 -2.642868e-06
1.078496e+01 2.562641e-08 -5.982750e-06
1.079569e+01 2.668279e-06 -1.456961e-07
1.080642e+01 -1.748186e-06 7.836871e-08
1.081715e+01 -1.465159e-07 3.682832e-07
1.082789e+01 -3.613654e-07 -1.831989e-06
1.083862e+01 1.278482e-06 9.302023e-07
1.084935e+01 5.194244e-07 -1.913348e-06
1.086008e+01 -1.488440e-06 -2.211084e-07
1.087081e+01 -1.312891e-06 1.329924e-06
1.088154e+01 -1.153508e-06 -1.488963e-06
1.089227e+01 2.462065e-06 1.008479e-06
1.090301e+01 -1.662504e-07 -1.995032e-07
1.091374e+01 -4.583612e-07 8.769746e-07
1.092447e+01 1.678776e-06 2.030258e-06
1.093520e+01 2.422082e-06 -7.863246e-07
1.094593e+01 5.164460e-07 -1.413092e-06
1.095666e+01 2.548452e-06 -2.064460e-06
1.096739e+01 -3.125722e-06 7.321480e-07
1.097812e+01 1.616370e-06 7.151774e-07
1.098886e+01 -9.706698e-07 1.004689e-06
1.099959e+01 -6.052377e-07 -1.505754e-06
1.101032e+01 -9.743713e-07 -1.514642e-06
1.102105e+01 -3.824317e-07 -1.961135e-06
1.103178e+01 9.373820e-07 2.839064e-06
1.104251e+01 -6.125872e-07 6.927750e-07
1.105324e+01 1.001072e-06 -1.317566e-06
1.106397e+01 2.356241e-08 1.959639e-06
1.107471e+01 -5.379036e-08 -3.017349e-06
1.108544e+01 3.550321e-08 -3.158738e-07
1.109617e+01 4.497491e-07 -9.450977e-07
1.110690e+01 -1.458707e-06 -1.849749e-06
1.111763e+01 -5.374015e-07 1.204858e-07
1.112836e+01 -3.237601e-07 1.749057e-07
1.113909e+01 -2.249225e-06 -2.739095e-07
1.114983e+01 1.287303e-06 1.435881e-06
1.116056e+01 2.129628e-07 -8.935107e-07
1.117129e+01 7.654391e-07 -1.203916e-07
1.118202e+01 -1.298573e-06 8.189324e-07
1.119275e+01 6.182630e-07 1.873642e-06
1.120348e+01 -4.741827e-07 1.668549e-07
1.121421e+01 5.574398e-07 1.354474e-07
1.122494e+01 -3.320050e-07 -7.259231e-07
1.123568e+01 2.652641e-06 1.713535e-06
1.124641e+01 -8.168894e-07 7.360147e-07
1.125714e+01 8.175007e-08 -2.779293e-06
1.126787e+01 -4.237915e-07 -4.227793e-07
1.127860e+01 -1.944864e-07 -6.526509e-07
1.128933e+01 1.504129e-06 -6.144778e-07
1.130006e+01 -1.843781e-06 -9.065378e-07
1.131079e+01 9.481410e-08 1.932355e-06
1.132153e+01 6.791288e-07 8.175564e-07
1.133226e+01 -9.700485e-07 3.116440e-07
1.134299e+01 4.627663e-07 1.482614e-07
1.135372e+01 1.100835e-06 -6.593988e-07
1.136445e+01 7.086004e-07 1.671906e-06
1.137518e+01 2.885404e-07 -2.720045e-06
1.138591e+01 1.942232e-07 5.037067e-07
1.139665e+01 2.449936e-08 -5.775019e-08
1.140738e+01 1.685518e-07 -1.059470e-06
1.141811e+01 8.754758e-07 -6.370233e-07
1.142884e+01 1.153977e-06 1.316684e-06
1.143957e+01 1.514881e-07 -2.155891e-06
1.145030e+01 -1.885676e-06 1.462348e-06
1.146103e+01 -2.249481e-06 -5.793433e-07
1.147176e+01 -9.539908e-07 -9.828245e-08
1.148250e+01 1.410221e-06 -1.141088e-07
1.149323e+01 -2.260047e-06 8.759280e-07
1.150396e+01 -4.731595e-08 -1.324023e-06
1.151469e+01 1.062441e-06 -1.352596e-07
1.152542e+01 9.292101e-08 9.802635e-07
1.153615e+01 3.227820e-07 -1.222247e-06
1.154688e+01 -1.227835e-06 6.005665e-07
1.155761e+01 1.764047e-06 -6.351098e-07
1.156835e+01 -1.068497e-06 5.791465e-07
1.157908e+01 1.480538e-06 -1.116589e-06
1.158981e+01 -9.557861e-07 -2.130405e-07
1.160054e+01 -1.383543e-06 -1.987753e-08
1.161127e+01 2.332316e-08 -1.542280e-06
1.162200e+01 -4.623916e-07 -1.635141e-06
1.163273e+01 5.674697e-07 -4.757917e-07
1.164347e+01 6.111225e-07 -2.341385e-08
1.165420e+01 -5.768379e-07 3.055388e-06
1.166493e+01 -7.049758e-07 1.444577e-06
1.167566e+01 1.620109e-06 -9.627119e-07
1.168639e+01 4.686080e-07 2.942603e-07
1.169712e+01 5.277248e-07 5.445520e-08
1.170785e+01 2.488397e-07 1.077191e-06
1.171858e+01 -7.308626e-07 -4.906731e-07
1.172932e+01 -8.069646e-07 -1.555154e-06
1.174005e+01 6.894139e-07 7.673268e-07
1.175078e+01 4.782568e-06 -1.851175e-06
1.176151e+01 -7.733475e-07 -2.112932e-06
1.177224e+01 3.187434e-06 1.788415e-06
1.178297e+01 1.388049e-06 -1.622741e-06
1.179370e+01 7.421561e-07 -1.264902e-06
1.180443e+01 -1.110995e-06 8.893369e-07
1.181517e+01 -4.177856e-07 1.100746e-06
1.182590e+01 -5.167573e-07 5.222013e-08
1.183663e+01 -4.774579e-07 1.814609e-08
1.184736e+01 5.628829e-08 1.443896e-07
1.185809e+01 -1.100553e-06 -1.325490e-06
1.186882e+01 -1.887049e-06 1.370481e-06
1.187955e+01 -7.794837e-07 2.443519e-06
1.189029e+01 2.384002e-06 7.280783e-07
1.190102e+01 -1.406264e-06 -6.143882e-07
1.191175e+01 -1.025313e-06 -3.006764e-06
1.192248e+01 -1.756675e-06 -2.125714e-06
1.193321e+01 6.517845e-07 2.063570e-06
1.194394e+01 2.726659e-07 8.450888e-07
1.195467e+01 6.427515e-07 2.116763e-07
1.196540e+01 -9.474971e-07 -3.215229e-06
1.197614e+01 1.330692e-06 -6.668845e-07
1.198687e+01 8.620100e-07 1.363936e-06
1.199760e+01 -3.503141e-06 1.400911e-06
1.200833e+01 1.143800e-06 2.537376e-08
1.201906e+01 -4.309993e-07 -1.934270e-06
1.202979e+01 -6.338111e-07 -1.110453e-06
1.204052e+01 -7.104491e-07 -1.687314e-06
1.205125e+01 -2.089126e-08 1.726640e-06
1.206199e+01 -1.600357e-06 1.040335e-06
1.207272e+01 -1.862414e-06 1.405079e-06
1.208345e+01 1.058133e-07 5.997306e-08
1.209418e+01 6.941952e-07 1.911358e-06
1.210491e+01 2.354024e-06 -7.522935e-07
1.211564e+01 -1.085142e-06 -7.558806e-07
1.212637e+01 5.324764e-07 1.471310e-07
1.213711e+01 -1.187828e-06 -1.781758e-06
1.214784e+01 1.259389e-06 -1.461593e-06
1.215857e+01 -2.301294e-06 -2.209499e-06
1.216930e+01 2.287839e-06 2.169110e-07
1.218003e+01 1.712777e-06 -1.027581e-07
1.219076e+01 -2.968888e-07 -1.558420e-07
1.220149e+01 -5.482147e-07 -1.517268e-06
1.221222e+01 1.392680e-06 -2.619740e-06
1.222296e+01 -3.236757e-07 -3.682872e-07
1.223369e+01 1.156975e-06 7.991173e-07
1.224442e+01 -7.254450e-07 -1.012376e-06
1.225515e+01 5.842664e-07 -3.347502e-07
1.226588e+01 7.671288e-07 9.187431e-07
1.227661e+01 -1.249170e-06 1.846539e-07
1.228734e+01 1.504971e-06 -2.302362e-06
1.229807e+01 2.408534e-06 1.399615e-06
1.230881e+01 5.675359e-08 -1.459779e-06
1.231954e+01 2.875563e-06 -1.502943e-06
1.233027e+01 -2.189035e-06 -2.926250e-07
1.234100e+01 8.269582e-07 -5.186597e-07
1.235173e+01 -1.581720e-07 3.838930e-07
1.236246e+01 1.875026e-06 -3.707980e-06
1.237319e+01 -1.037107e-06 3.074079e-07
1.238393e+01 -4.066310e-07 -1.004879e-06
1.239466e+01 1.369469e-06 3.591887e-08
1.240539e+01 -2.789339e-07 1.540687e-06
1.241612e+01 1.106974e-06 7.388272e-08
1.242685e+01 2.386505e-06 -9.061412e-07
1.243758e+01 -5.836243e-07 -1.552766e-06
1.244831e+01 -1.891441e-06 -9.958423e-07
1.245904e+01 3.611241e-06 -1.739883e-06
1.246978e+01 -3.540743e-06 8.654106e-07
1.248051e+01 -1.381738e-06 -1.426037e-06
1.249124e+01 -1.588608e-06 1.384223e-06
1.250197e+01 1.436104e-06 -1.591465e-06
1.251270e+01 2.842608e-06 -9.999854e-07
1.252343e+01 -3.131944e-07 2.226449e-06
1.253416e+01 -2.271852e-06 -3.798713e-06
1.254489e+01 2.918145e-06 1.733862e-06
1.255563e+01 -3.224644e-06 1.020709e-06
1.256636e+01 -2.602713e-06 -1.822700e-06
1.257709e+01 2.895441e-06 -1.597116e-06
1.258782e+01 1.710308e-06 1.542766e-06
1.259855e+01 1.866742e-07 2.213725e-06
1.260928e+01 -3.927391e-07 -5.465249e-07
1.262001e+01 -1.497275e-06 -4.858024e-07
1.263075e+01 -9.086700e-07 -1.382476e-07
1.264148e+01 1.309664e-06 1.884981e-06
1.265221e+01 8.227896e-07 1.154004e-06
1.266294e+01 -4.221667e-07 1.961486e-07
1.267367e+01 2.036892e-06 1.134147e-07
1.268440e+01 2.253010e-06 -2.904764e-07
1.269513e+01 -3.459043e-08 -2.017759e-06
1.270586e+01 2.065185e-06 -1.218050e-06
1.271660e+01 6.336047e-07 -2.153524e-07
1.272733e+01 1.669929e-07 1.966670e-06
1.273806e+01 2.052101e-06 -3.006127e-07
1.274879e+01 -6.505372e-08 2.693086e-07
1.275952e+01 -2.225868e-06 -3.620820e-07
1.277025e+01 7.430417e-07 -5.513928e-07
1.278098e+01 2.265306e-06 -2.282430e-06
1.279171e+01 8.480543e-07 -3.529139e-06
1.280245e+01 2.932055e-06 -3.229576e-06
1.281318e+01 6.922494e-06 -1.431615e-06
1.282391e+01 6.686748e-06 2.111602e-06
1.283464e+01 4.429691e-06 6.084120e-06
1.284537e+01 1.047102e-06 7.949064e-06
1.285610e+01 -7.924649e-07 3.611211e-06
1.286683e+01 -7.847947e-07 4.284702e-06
1.287757e+01 1.154888e-06 3.866951e-06
1.288830e+01 8.222508e-08 2.002232e-06
1.289903e+01 2.106241e-07 1.707084e-06
1.290976e+01 5.969922e-07 1.631748e-06
1.292049e+01 -1.184888e-06 2.180024e-06
1.293122e+01 -1.343212e-06 2.889897e-06
1.294195e+01 -1.618303e-06 1.233266e-06
1.295268e+01 -2.524010e-06 1.309443e-06
1.296342e+01 -2.539864e-06 2.791108e-07
1.297415e+01 -1.259072e-07 -1.392212e-06
1.298488e+01 3.459208e-07 1.118714e-06
1.299561e+01 -1.166930e-06 1.451996e-06
1.300634e+01 1.113365e-06 2.802750e-06
1.301707e+01 -1.344167e-07 1.287058e-06
1.302780e+01 -1.974061e-06 1.453096e-06
1.303853e+01 -1.196922e-06 2.676730e-07
1.304927e+01 -1.692433e-06 1.605493e-06
1.306000e+01 -1.405738e-06 1.518864e-07
1.307073e+01 -2.080173e-08 2.204362e-06
1.308146e+01 5.985499e-07 -1.505733e-07
1.309219e+01 8.421110e-07 1.635892e-06
1.310292e+01 -6.884551e-07 -3.256226e-07
1.311365e+01 1.270326e-07 -1.617646e-06
1.312439e+01 2.210014e-06 6.651412e-07
1.313512e+01 2.479921e-07 -6.726789e-07
1.314585e+01 -4.677238e-07 1.656631e-07
1.315658e+01 -1.616154e-06 1.989794e-06
1.316731e+01 3.251248e-07 -7.098745e-07
1.317804e+01 1.989557e-06 -4.920402e-07
1.318877e+01 1.784437e-06 6.451578e-07
1.319950e+01 -1.871366e-07 -1.017339e-06
1.321024e+01 -2.009694e-06 -5.235117e-07
1.322097e+01 -3.665556e-06 -3.579285e-07
1.323170e+01 -1.696515e-06 6.807868e-07
1.324243e+01 -8.023437e-07 2.551018e-07
1.325316e+01 2.552199e-06 2.501516e-06
1.326389e+01 2.600736e-06 1.447388e-06
1.327462e+01 1.840238e-06 5.682756e-07
1.328535e+01 4.715034e-07 5.986788e-07
1.329609e+01 -1.733812e-07 1.314454e-06
1.330682e+01 2.115346e-06 1.082654e-06
1.331755e+01 5.740668e-07 2.082090e-06
1.332828e+01 9.645326e-07 -1.736270e-06
1.333901e+01 -7.698731e-07 -1.782809e-06
1.334974e+01 -1.339219e-07 -1.566151e-06
1.336047e+01 2.427777e-07 1.281549e-06
1.337121e+01 -1.350096e-06 -1.591724e-06
1.338194e+01 1.608112e-06 -1.683460e-06
1.339267e+01 6.893542e-07 7.806161e-07
1.340340e+01 -1.939899e-07 -1.315401e-07
1.341413e+01 -3.999976e-07 -1.800142e-06
1.342486e+01 -5.807726e-09 -3.629769e-06
1.343559e+01 1.374693e-07 9.604331e-07
1.344632e+01 2.900286e-07 -3.285866e-06
1.345706e+01 5.245534e-07 -4.164649e-06
1.346779e+01 1.767836e-06 1.220253e-06
1.347852e+01 -3.087978e-06 -2.231558e-06
1.348925e+01 2.265523e-06 -1.737735e-06
1.349998e+01 -2.780263e-06 -9.548159e-07
1.351071e+01 -7.043716e-07 -2.298557e-07
1.352144e+01 7.872667e-07 -2.861775e-06
1.353217e+01 -3.323692e-06 2.696664e-06
1.354291e+01 -2.411929e-06 1.095053e-06
1.355364e+01 2.809980e-07 9.358327e-07
1.356437e+01 1.296104e-06 -6.381614e-07
1.357510e+01 1.005922e-06 5.821858e-07
1.358583e+01 -5.801759e-07 2.170648e-06
1.359656e+01 9.448576e-08 -6.029290e-07
1.360729e+01 3.133049e-06 2.993267e-06
1.361803e+01 -1.699857e-06 -2.487846e-07
1.362876e+01 -4.124059e-07 2.932448e-07
1.363949e+01 4.577170e-07 7.252013e-07
1.365022e+01 -3.702664e-07 -9.231391e-07
1.366095e+01 -1.633427e-06 1.729045e-08
1.367168e+01 -1.717879e-07 8.428363e-07
1.368241e+01 -2.542210e-07 4.147693e-07
1.369314e+01 -7.473922e-07 -6.275813e-07
1.370388e+01 -5.291503e-06 -1.960775e-06
1.371461e+01 8.075717e-07 -1.157009e-06
1.372534e+01 -1.214701e-07 2.043222e-06
1.373607e+01 -1.347138e-06 -1.104059e-06
1.374680e+01 3.012397e-07 -1.540471e-07
1.375753e+01 -1.236049e-06 5.589334e-07
1.376826e+01 -1.525971e-06 2.227555e-07
1.377899e+01 1.908575e-06 -3.260096e-06
1.378973e+01 2.901506e-06 7.612250e-07
1.380046e+01 -1.699722e-06 9.170993e-07
1.381119e+01 4.345716e-08 6.314003e-07
1.382192e+01 -4.198927e-07 1.251624e-06
1.383265e+01 -5.393840e-07 1.470780e-06
1.384338e+01 -9.127427e-08 -2.435092e-07
1.385411e+01 7.751609e-07 6.276019e-07
1.386485e+01 -9.174191e-07 -3.150489e-06
1.387558e+01 -9.145288e-08 6.328272e-07
1.388631e+01 -1.505386e-07 -4.004151e-07
1.389704e+01 2.605324e-06 -1.756271e-06
1.390777e+01 4.480572e-06 -1.705691e-06
1.391850e+01 6.243996e-07 1.839094e-06
1.392923e+01 -3.763869e-06 -1.249000e-07
1.393996e+01 -1.353864e-06 -8.566234e-07
1.395070e+01 -1.318902e-06 4.570362e-07
1.396143e+01 -3.006158e-07 4.089602e-06
1.397216e+01 9.912647e-07 2.105956e-06
1.398289e+01 -1.614621e-06 3.620634e-06
1.399362e+01 1.033966e-06 3.225286e-07
1.400435e+01 1.828378e-07 -1.118201e-06
1.401508e+01 2.448429e-06 4.654433e-07
1.402581e+01 -1.608365e-06 -4.533470e-08
1.403655e+01 2.173560e-07 -6.219120e-07
1.404728e+01 5.036686e-07 -2.610588e-06
1.405801e+01 7.344235e-07 -1.716872e-06
1.406874e+01 2.082796e-07 -6.584797e-07
1.407947e+01 -8.698136e-07 -1.735943e-06
1.409020e+01 -2.004830e-06 -5.904649e-07
1.410093e+01 6.089342e-07 -1.623185e-06
1.411167e+01 -2.325711e-06 4.775498e-07
1.412240e+01 -1.887771e-06 -1.913147e-07
1.413313e+01 -1.454831e-06 4.818707e-07
1.414386e+01 -1.668471e-06 1.231386e-06
1.415459e+01 -9.036045e-07 2.495859e-06
1.416532e+01 -2.467886e-06 2.206280e-06
1.417605e+01 3.330202e-06 1.236283e-06
1.418678e+01 9.462860e-07 1.490462e-06
1.419752e+01 9.974831e-07 1.273884e-06
1.420825e+01 1.725613e-07 -1.834786e-07
1.421898e+01 -7.699224e-07 1.782687e-06
1.422971e+01 -1.846706e-06 -9.759089e-07
1.424044e+01 1.136966e-06 2.418848e-07
1.425117e+01 8.200755e-07 7.179117e-07
1.426190e+01 1.161018e-07 4.678151e-07
1.427263e+01 1.452442e-06 1.358319e-06
1.428337e+01 9.301245e-07 6.156635e-07
1.429410e+01 1.123548e-06 2.070506e-07
1.430483e+01 2.324135e-06 2.086909e-07
1.431556e+01 1.038925e-06 -1.182032e-08
1.432629e+01 1.769967e-06 -1.599140e-06
1.433702e+01 1.645239e-07 2.055114e-07
1.434775e+01 2.639372e-06 9.549030e-07
1.435849e+01 -2.653424e-06 -1.635365e-06
1.436922e+01 8.610884e-07 -3.227937e-07
1.437995e+01 1.725564e-07 -4.530629e-07
1.439068e+01 -1.463535e-06 1.539800e-06
1.440141e+01 -1.871317e-06 -6.802405e-07
1.441214e+01 1.535359e-06 -1.255823e-08
1.442287e+01 -2.571766e-06 9.456671e-07
1.443360e+01 4.343959e-07 -2.032308e-07
1.444434e+01 7.478040e-07 1.200946e-06
1.445507e+01 1.474663e-06 7.797097e-07
1.446580e+01 9.164055e-07 2.164932e-06
1.447653e+01 4.663929e-07 -4.448751e-07
1.448726e+01 -6.491726e-07 1.313197e-06
1.449799e+01 2.517814e-07 1.648371e-06
1.450872e+01 2.303137e-07 8.035270e-07
1.451945e+01 9.231051e-07 -9.584619e-07
1.453019e+01 -1.963842e-06 -1.243334e-07
1.454092e+01 1.043402e-06 -2.027155e-06
1.455165e+01 -3.098780e-06 -1.366976e-07
1.456238e+01 -7.328229e-09 -1.529901e-06
1.457311e+01 -3.725349e-07 1.321005e-06
1.458384e+01 9.684277e-07 1.996289e-07
1.459457e+01 8.211196e-07 9.468824e-07
1.460531e+01 -5.526600e-07 2.153655e-06
1.461604e+01 -2.969493e-06 -2.627925e-07
1.462677e+01 1.510988e-06 7.081062e-07
1.463750e+01 -8.669643e-07 8.742808e-07
1.464823e+01 1.052460e-06 -1.356656e-06
1.465896e+01 1.306063e-06 -7.100390e-07
1.466969e+01 -1.144798e-06 1.058696e-06
1.468042e+01 3.063943e-07 -1.066597e-06
1.469116e+01 1.026223e-06 -5.086633e-07
1.470189e+01 -6.946040e-07 -2.727641e-07
1.471262e+01 -8.177059e-07 4.755779e-07
1.472335e+01 -1.363490e-06 2.063235e-08
1.473408e+01 8.919441e-07 3.131979e-07
1.474481e+01 -1.121009e-06 1.503165e-06
1.475554e+01 2.409568e-07 -1.140873e-06
1.476627e+01 7.711928e-07 2.101002e-07
1.477701e+01 2.136909e-06 -8.321778e-08
1.478774e+01 4.324930e-07 -2.208140e-06
1.479847e+01 3.562083e-07 4.249094e-07
1.480920e+01 8.354226e-07 2.240198e-06
1.481993e+01 -6.898779e-07 -9.536945e-07
1.483066e+01 1.754116e-06 1.041523e-06
1.484139e+01 4.097220e-08 1.919870e-06
1.485213e+01 -8.350365e-07 9.084651e-08
1.486286e+01 -4.808913e-07 7.880339e-07
1.487359e+01 -1.180669e-06 1.579232e-06
1.488432e+01 -1.298033e-06 3.183479e-06
1.489505e+01 3.055621e-07 -4.694520e-07
1.490578e+01 -1.228185e-06 -1.260355e-06
1.491651e+01 7.983362e-07 -6.447852e-07
1.492724e+01 -1.405381e-06 -7.063284e-07
1.493798e+01 9.366224e-07 -1.287058e-06
1.494871e+01 -2.670619e-07 -1.818224e-06
1.495944e+01 6.023496e-07 2.856853e-07
1.497017e+01 -4.885805e-07 -3.381182e-07
1.498090e+01 5.687532e-07 1.168162e-06
1.499163e+01 -4.479815e-08 3.346041e-07
1.500236e+01 -1.511776e-06 1.357789e-07
1.501309e+01 1.053336e-06 -1.409632e-06
1.502383e+01 5.910856e-07 1.193777e-09
1.503456e+01 5.742195e-07 1.656905e-06
1.504529e+01 -2.129386e-06 -4.364673e-08
1.505602e+01 -1.686807e-06 3.751390e-06
1.506675e+01 2.533664e-07 -1.444278e-06
1.507748e+01 -2.074342e-07 -5.084652e-07
1.508821e+01 9.383495e-07 1.521423e-06
1.509895e+01 -9.741422e-08 8.629280e-07
1.510968e+01 3.375178e-07 1.343124e-06
1.512041e+01 -7.350393e-08 8.901946e-08
1.513114e+01 5.331955e-07 2.680994e-08
1.514187e+01 1.594607e-07 1.504365e-06
1.515260e+01 -5.723210e-07 -6.459341e-07
1.516333e+01 -4.592723e-07 1.293166e-06
1.517406e+01 8.023643e-07 7.972267e-07
1.518480e+01 1.353560e-06 2.600966e-06
1.519553e+01 -1.252501e-06 4.942605e-07
1.520626e+01 9.901198e-07 -2.569749e-07
1.521699e+01 -2.992432e-07 7.549847e-07
1.522772e+01 -6.555727e-07 9.473526e-08
1.523845e+01 -1.301398e-06 1.260702e-06
1.524918e+01 -1.190441e-06 1.167057e-06
1.525991e+01 -2.624338e-06 -2.387924e-06
1.527065e+01 -1.731605e-07 4.548689e-07
1.528138e+01 -1.086251e-06 -2.795589e-07
1.529211e+01 -8.805013e-07 3.886627e-07
1.530284e+01 -3.500325e-07 -9.304954e-07
1.531357e+01 -2.901341e-06 -1.454517e-06
1.532430e+01 2.154758e-06 6.590793e-07
1.533503e+01 -2.000850e-07 -2.130372e-08
1.534577e+01 -5.223839e-07 -2.329340e-06
1.535650e+01 1.329415e-06 3.357918e-07
1.536723e+01 4.869922e-07 -2.237127e-07
1.537796e+01 2.262961e-06 1.403254e-08
1.538869e+01 2.468949e-07 1.240143e-06
1.539942e+01 -1.007615e-06 -1.860024e-06
1.541015e+01 -6.338365e-07 -9.093490e-08
1.542088e+01 3.878361e-07 -1.464977e-06
1.543162e+01 -1.936563e-06 1.822226e-06
1.544235e+01 -1.966964e-07 -2.852720e-07
1.545308e+01 -9.162989e-07 7.903923e-07
1.546381e+01 -8.387787e-07 8.314727e-08
1.547454e+01 8.385231e-08 -1.479933e-06
1.548527e+01 -3.210445e-08 2.310649e-06
1.549600e+01 -4.168547e-07 5.356668e-07
1.550673e+01 1.251215e-06 2.639381e-06
1.551747e+01 -3.058689e-06 -1.274156e-06
1.552820e+01 -3.114623e-06 -3.203076e-07
1.553893e+01 -1.722194e-07 -9.816155e-07
1.554966e+01 1.344344e-06 -7.145631e-07
1.556039e+01 -1.462868e-06 6.234169e-07
1.557112e+01 1.293217e-06 1.294662e-06
1.558185e+01 -5.063374e-07 -1.776394e-06
1.559259e+01 -1.637949e-06 5.579542e-07
1.560332e+01 -1.279422e-06 1.019888e-06
1.561405e+01 -7.701422e-07 1.398947e-06
1.562478e+01 2.901270e-07 -1.016772e-06
1.563551e+01 2.029200e-06 2.184809e-06
1.564624e+01 -2.358823e-07 1.896738e-06
1.565697e+01 -7.386040e-07 1.389616e-06
1.566770e+01 -1.965786e-07 -5.415840e-07
1.567844e+01 3.493902e-06 1.019698e-06
1.568917e+01 -1.247037e-06 4.190131e-07
1.569990e+01 -8.764305e-07 -6.266234e-07
1.571063e+01 3.057984e-06 -1.294422e-06
1.572136e+01 -2.704754e-07 2.009639e-06
1.573209e+01 -1.369134e-06 4.614738e-07
1.574282e+01 -1.299781e-06 -2.568961e-06
1.575355e+01 -5.950560e-07 6.327746e-07
1.576429e+01 1.717837e-06 1.324377e-06
1.577502e+01 1.213975e-06 1.019942e-06
1.578575e+01 -3.291792e-06 5.329758e-07
1.579648e+01 -3.885401e-07 9.094792e-07
1.580721e+01 3.074050e-07 -7.714067e-07
1.581794e+01 1.830491e-07 -7.518656e-07
1.582867e+01 6.381693e-07 -7.691813e-08
1.583941e+01 1.927648e-06 1.850934e-06
1.585014e+01 -9.702270e-07 3.936232e-07
1.586087e+01 -8.721752e-07 -1.359437e-06
1.587160e+01 1.391008e-07 2.613876e-06
1.588233e+01 -2.451528e-07 -1.146700e-06
1.589306e+01 2.641453e-06 3.969286e-07
1.590379e+01 -8.105482e-07 -1.917276e-07
1.591452e+01 3.994856e-07 1.637063e-06
1.592526e+01 -1.848283e-06 6.774551e-07
1.593599e+01 -1.210314e-06 -3.002363e-06
1.594672e+01 1.180768e-06 -1.483532e-06
1.595745e+01 7.050885e-07 -1.211638e-06
1.596818e+01 2.653713e-06 -1.073197e-06
1.597891e+01 2.477796e-06 -5.165340e-07
1.598964e+01 5.660418e-07 3.295564e-06
1.600037e+01 -1.772784e-06 1.975719e-06
1.601111e+01 -3.246845e-06 5.472170e-06
1.602184e+01 -5.956675e-06 9.843077e-07
1.603257e+01 -3.130779e-06 -6.805659e-07
1.604330e+01 -3.146667e-06 -6.534775e-07
1.605403e+01 9.674395e-07 -1.139632e-07
1.606476e+01 -2.774964e-06 5.379578e-07
1.607549e+01 1.760557e-06 2.681398e-07
