0.000000e+00 -1.823751e-02 0.000000e+00
1.073130e-02 8.256912e-06 1.917475e-05
2.146261e-02 1.475884e-05 1.892802e-05
3.219391e-02 1.030384e-05 2.083980e-05
4.292522e-02 8.930815e-08 1.104133e-05
5.365652e-02 -5.499025e-06 1.373509e-05
6.438783e-02 4.685424e-06 1.489314e-06
7.511913e-02 -1.417159e-06 -1.043089e-06
8.585043e-02 -1.248115e-06 -3.484161e-06
9.658174e-02 8.778589e-07 5.166765e-06
1.073130e-01 6.519714e-07 4.410375e-06
1.180443e-01 5.923947e-06 2.917682e-08
1.287757e-01 2.843396e-07 -2.567970e-06
1.395070e-01 -1.693685e-06 9.736463e-06
1.502383e-01 -1.450314e-06 8.466535e-07
1.609696e-01 1.779773e-06 -7.580111e-06
1.717009e-01 3.351963e-06 2.673085e-06
1.824322e-01 9.171504e-08 9.320745e-06
1.931635e-01 3.873969e-06 -1.094695e-06
2.038948e-01 -1.090619e-07 4.219117e-07
2.146261e-01 2.396935e-06 2.908683e-06
2.253574e-01 2.964577e-06 2.243499e-06
2.360887e-01 -1.770442e-06 -5.262422e-06
2.468200e-01 -5.001551e-06 4.506036e-06
2.575513e-01 -3.110134e-06 9.827176e-06
2.682826e-01 4.017611e-06 6.838922e-06
2.790139e-01 5.869582e-06 4.086562e-06
2.897452e-01 2.039013e-06 1.423196e-06
3.004765e-01 1.576358e-06 -3.602576e-06
3.112078e-01 -3.932192e-06 -4.257078e-06
3.219391e-01 -1.880136e-06 -1.300924e-06
3.326704e-01 2.594608e-06 -5.083867e-06
3.434017e-01 -5.355381e-06 2.074364e-06
3.541330e-01 -3.669517e-06 -2.919762e-06
3.648643e-01 -8.041517e-06 1.523071e-06
3.755957e-01 -2.644691e-06 4.678160e-07
3.863270e-01 5.045284e-08 -2.955361e-06
3.970583e-01 -3.710313e-06 1.595282e-06
4.077896e-01 -1.699502e-06 2.326084e-06
4.185209e-01 3.194272e-06 7.749556e-07
4.292522e-01 -1.063879e-06 1.933090e-07
4.399835e-01 -2.428349e-06 -5.752549e-06
4.507148e-01 2.402242e-06 -1.312457e-06
4.614461e-01 -1.754841e-06 -5.110469e-06
4.721774e-01 -4.748618e-07 9.783856e-07
4.829087e-01 -8.978413e-07 1.340757e-06
4.936400e-01 -2.287159e-06 1.393230e-06
5.043713e-01 -1.374788e-06 2.331492e-06
5.151026e-01 -4.462976e-06 3.111450e-06
5.258339e-01 -4.684916e-06 -8.258491e-07
5.365652e-01 -1.634292e-06 6.484622e-06
5.472965e-01 -5.652344e-06 8.538671e-06
5.580278e-01 -2.254878e-06 3.246119e-06
5.687591e-01 7.623096e-06 7.750088e-06
5.794904e-01 -1.772749e-06 2.059879e-07
5.902217e-01 5.715113e-06 -2.653343e-06
6.009530e-01 -2.315222e-06 1.022579e-06
6.116843e-01 5.089755e-07 -4.802973e-06
6.224157e-01 -4.973321e-06 7.244022e-06
6.331470e-01 -1.309316e-07 -1.250847e-06
6.438783e-01 1.611873e-06 4.224438e-06
6.546096e-01 -2.534267e-06 -4.422262e-06
6.653409e-01 -9.320570e-06 2.130837e-06
6.760722e-01 -1.863984e-06 -2.386349e-06
6.868035e-01 -4.818511e-06 1.243065e-06
6.975348e-01 5.614728e-07 9.884760e-06
7.082661e-01 4.827353e-06 -3.855083e-06
7.189974e-01 -3.409336e-06 3.160323e-06
7.297287e-01 3.009268e-06 -1.884230e-06
7.404600e-01 -6.286449e-06 1.014324e-06
7.511913e-01 4.278122e-06 -1.141184e-06
7.619226e-01 -5.420670e-06 -1.040046e-07
7.726539e-01 -3.432571e-07 1.819208e-06
7.833852e-01 1.144131e-06 -1.528148e-06
7.941165e-01 -2.336434e-06 1.120593e-07
8.048478e-01 -5.272316e-06 1.281680e-06
8.155791e-01 2.589909e-06 3.376795e-06
8.263104e-01 -4.187110e-07 -2.636180e-06
8.370417e-01 -6.377143e-06 -6.037097e-06
8.477730e-01 -5.492023e-06 -1.514524e-06
8.585043e-01 2.042083e-06 -5.156577e-07
8.692357e-01 -2.673345e-06 3.105426e-07
8.799670e-01 -2.446266e-06 2.295514e-07
8.906983e-01 1.821199e-06 -3.180558e-06
9.014296e-01 6.339648e-07 1.279698e-07
9.121609e-01 -5.542029e-06 1.398556e-06
9.228922e-01 -2.988110e-06 1.188781e-06
9.336235e-01 -1.097378e-06 -1.213768e-06
9.443548e-01 -3.137062e-06 -3.808940e-06
9.550861e-01 -4.241373e-06 -2.363808e-06
9.658174e-01 -3.696170e-06 1.132763e-06
9.765487e-01 -2.475125e-06 4.425911e-06
9.872800e-01 -2.311458e-07 7.764105e-06
9.980113e-01 2.133666e-06 -2.429988e-06
1.008743e+00 8.407684e-07 -1.020053e-07
1.019474e+00 4.144766e-06 -2.538737e-06
1.030205e+00 3.815720e-06 -3.200741e-06
1.040937e+00 3.641439e-06 -7.250421e-06
1.051668e+00 -3.713796e-06 -3.424721e-06
1.062399e+00 2.365649e-06 5.116261e-06
1.073130e+00 2.690401e-06 -4.190329e-06
1.083862e+00 -1.598883e-06 1.923071e-06
1.094593e+00 -4.111598e-06 -9.768316e-07
1.105324e+00 -3.371142e-07 1.602392e-06
1.116056e+00 9.641800e-07 2.153904e-06
1.126787e+00 -4.092343e-06 3.965677e-06
1.137518e+00 3.290006e-06 1.276389e-06
1.148250e+00 -3.501505e-08 -6.230852e-06
1.158981e+00 6.342274e-06 2.408863e-07
1.169712e+00 1.167114e-06 -2.289627e-06
1.180443e+00 -5.365022e-07 3.692126e-07
1.191175e+00 -2.656932e-06 4.018263e-07
1.201906e+00 -3.342302e-06 -1.213578e-07
1.212637e+00 -4.836412e-06 -6.483760e-06
1.223369e+00 -1.777867e-06 2.757955e-06
1.234100e+00 1.986175e-06 9.045243e-07
1.244831e+00 2.251975e-06 -2.592949e-06
1.255563e+00 3.469327e-06 -5.740572e-06
1.266294e+00 2.417117e-06 2.525004e-06
1.277025e+00 -2.032381e-06 -1.191008e-06
1.287757e+00 4.798588e-06 -8.831025e-07
1.298488e+00 -3.264604e-06 -2.458316e-06
1.309219e+00 4.706986e-06 -4.576846e-07
1.319950e+00 -4.561913e-06 -4.988127e-08
1.330682e+00 -7.662627e-08 -2.201300e-06
1.341413e+00 -1.460199e-06 -3.870167e-06
1.352144e+00 -7.313120e-07 -2.458293e-06
1.362876e+00 -3.568009e-06 3.278078e-06
1.373607e+00 -1.700818e-06 -4.284430e-06
1.384338e+00 1.562299e-07 4.483029e-06
1.395070e+00 8.185617e-07 4.153763e-07
1.405801e+00 -1.748022e-07 2.933592e-06
1.416532e+00 -9.117858e-07 1.256690e-06
1.427263e+00 -1.231163e-06 -1.264775e-06
1.437995e+00 1.375141e-06 -8.817176e-07
1.448726e+00 2.540316e-06 2.537146e-06
1.459457e+00 -4.158012e-06 -1.128740e-07
1.470189e+00 2.323199e-06 -3.880077e-06
1.480920e+00 -1.110083e-06 -3.649404e-06
1.491651e+00 -1.255177e-06 1.374850e-06
1.502383e+00 8.426596e-07 9.496616e-07
1.513114e+00 -2.937785e-06 -7.118320e-06
1.523845e+00 -1.910514e-06 -3.149357e-06
1.534577e+00 -1.326804e-06 -1.420600e-07
1.545308e+00 -2.115743e-06 -1.888504e-06
1.556039e+00 -5.919518e-06 1.544521e-06
1.566770e+00 -2.504039e-06 1.591585e-06
1.577502e+00 -3.333914e-06 -5.226240e-08
1.588233e+00 -6.794989e-07 3.724548e-06
1.598964e+00 8.655726e-07 1.069353e-06
1.609696e+00 -7.132273e-07 -2.780437e-07
1.620427e+00 -3.029025e-06 2.095991e-06
1.631158e+00 -1.958329e-06 -5.664619e-06
1.641890e+00 -1.421511e-06 2.794447e-06
1.652621e+00 -2.670548e-06 -3.111114e-06
1.663352e+00 -3.053647e-06 2.417641e-06
1.674083e+00 -2.124937e-06 -5.652138e-07
1.684815e+00 8.609327e-07 -1.455281e-06
1.695546e+00 4.911640e-07 2.292782e-06
1.706277e+00 -2.877019e-06 2.397759e-06
1.717009e+00 -2.221678e-06 2.009753e-07
1.727740e+00 6.429223e-07 2.498213e-08
1.738471e+00 4.147518e-06 -1.332459e-06
1.749203e+00 -3.148725e-07 -3.467852e-06
1.759934e+00 -8.726771e-07 4.913498e-06
1.770665e+00 -2.575396e-06 -3.009297e-06
1.781397e+00 -7.910266e-07 3.986581e-07
1.792128e+00 5.869573e-08 -4.170310e-06
1.802859e+00 2.784657e-06 -2.865698e-06
1.813590e+00 -4.464122e-06 -8.299112e-07
1.824322e+00 -4.025248e-06 -3.804404e-06
1.835053e+00 -2.497140e-06 2.096756e-06
1.845784e+00 3.340311e-06 4.465442e-06
1.856516e+00 1.273851e-06 -5.144042e-06
1.867247e+00 -2.430045e-06 -8.969117e-07
1.877978e+00 1.944706e-06 4.235330e-06
1.888710e+00 4.126385e-06 -6.479639e-07
1.899441e+00 -3.480142e-06 -5.136961e-06
1.910172e+00 6.264766e-07 -2.987740e-06
1.920903e+00 2.534681e-06 3.770064e-06
1.931635e+00 -2.178095e-06 1.050637e-06
1.942366e+00 -5.756732e-07 -6.755286e-06
1.953097e+00 2.257616e-06 -4.415705e-06
1.963829e+00 -7.386396e-06 9.744575e-07
1.974560e+00 -4.844138e-07 4.992337e-07
1.985291e+00 1.157041e-06 3.855299e-06
1.996023e+00 -4.710703e-06 8.389835e-06
2.006754e+00 2.894831e-06 -9.579176e-06
2.017485e+00 3.069278e-06 2.220624e-07
2.028217e+00 -9.811943e-08 6.955191e-06
2.038948e+00 9.528244e-07 1.904726e-06
2.049679e+00 -1.681594e-06 -2.322315e-06
2.060410e+00 1.733512e-06 -1.292825e-05
2.071142e+00 2.749524e-06 -2.165741e-06
2.081873e+00 2.675755e-06 -3.842064e-06
2.092604e+00 -1.843236e-06 8.879337e-06
2.103336e+00 2.702999e-06 -3.141144e-07
2.114067e+00 -4.741536e-06 -4.568830e-06
2.124798e+00 -1.493126e-06 1.729446e-06
2.135530e+00 -2.521598e-06 -1.152606e-06
2.146261e+00 7.694501e-06 3.755607e-07
2.156992e+00 9.676851e-07 -4.761903e-06
2.167723e+00 -2.818323e-06 9.470384e-06
2.178455e+00 1.461542e-06 -6.860810e-06
2.189186e+00 8.144847e-07 -4.505971e-06
2.199917e+00 6.157693e-06 -2.724023e-06
2.210649e+00 8.146204e-06 -1.292985e-05
2.221380e+00 -7.181524e-06 -4.717826e-06
2.232111e+00 1.709090e-06 -4.428307e-06
2.242843e+00 -2.648980e-06 -5.869661e-06
2.253574e+00 -1.055835e-05 -6.035994e-06
2.264305e+00 -7.972635e-06 -2.672933e-06
2.275037e+00 -9.702601e-07 4.799292e-06
2.285768e+00 2.969955e-06 -1.203786e-06
2.296499e+00 -1.910192e-06 6.871259e-06
2.307230e+00 -3.088567e-06 8.251494e-06
2.317962e+00 6.921855e-06 2.453462e-06
2.328693e+00 -3.106064e-06 -8.351390e-07
2.339424e+00 1.171021e-06 6.633948e-06
2.350156e+00 9.915240e-06 5.914654e-07
2.360887e+00 4.748397e-06 9.824781e-07
2.371618e+00 2.110692e-06 -4.123140e-06
2.382350e+00 7.216173e-06 9.128501e-06
2.393081e+00 6.949795e-07 -2.198719e-05
2.403812e+00 5.634988e-06 1.266181e-05
2.414543e+00 6.162137e-06 -1.622914e-05
2.425275e+00 3.775621e-06 -4.582007e-06
2.436006e+00 -3.129242e-06 -1.292949e-05
2.446737e+00 -1.003408e-05 -5.428922e-06
2.457469e+00 5.595528e-06 1.827735e-05
2.468200e+00 4.077300e-06 -9.966383e-06
2.478931e+00 2.419197e-06 4.257589e-06
2.489663e+00 1.623785e-05 -1.762073e-05
2.500394e+00 -4.093513e-06 -8.783090e-07
2.511125e+00 -7.072832e-06 -6.434268e-06
2.521857e+00 -1.022638e-06 3.183516e-06
2.532588e+00 3.622556e-07 -5.454471e-06
2.543319e+00 2.157345e-05 -5.707304e-06
2.554050e+00 -6.135652e-06 -1.083992e-05
2.564782e+00 -5.451181e-06 -1.191499e-05
2.575513e+00 -1.054307e-05 1.812380e-06
2.586244e+00 -1.204738e-05 4.390293e-06
2.596976e+00 1.324653e-07 2.251408e-06
2.607707e+00 3.679805e-06 8.392915e-06
2.618438e+00 1.311459e-05 -1.756878e-06
2.629170e+00 9.514512e-06 -5.246737e-06
2.639901e+00 -4.669990e-06 6.673474e-07
2.650632e+00 1.746195e-06 -1.667560e-05
2.661363e+00 -9.890791e-07 -6.934936e-06
2.672095e+00 -3.483682e-06 -6.481129e-06
2.682826e+00 -1.164399e-06 -4.527503e-07
2.693557e+00 -3.923649e-06 -4.754709e-06
2.704289e+00 -1.029230e-05 -6.800004e-06
2.715020e+00 -1.161774e-06 -5.365539e-06
2.725751e+00 -6.690467e-06 -4.394822e-06
2.736483e+00 -1.550532e-06 -3.828629e-06
2.747214e+00 -1.151699e-05 2.061291e-06
2.757945e+00 2.589887e-06 -2.091948e-06
2.768677e+00 5.463230e-06 -1.495049e-05
2.779408e+00 -4.707815e-06 6.319599e-06
2.790139e+00 1.327333e-05 -7.362828e-06
2.800870e+00 -1.063567e-05 1.707931e-06
2.811602e+00 9.093414e-06 -8.599488e-06
2.822333e+00 -4.018671e-06 -1.794777e-05
2.833064e+00 1.110609e-05 -1.016951e-05
2.843796e+00 -2.257823e-06 -1.879745e-05
2.854527e+00 -1.928219e-05 -2.717311e-06
2.865258e+00 -8.819770e-06 -1.476904e-05
2.875990e+00 -1.051057e-05 -5.698917e-06
2.886721e+00 -3.498830e-06 1.786685e-07
2.897452e+00 -7.173762e-06 -2.870321e-06
2.908183e+00 3.682530e-06 7.190457e-06
2.918915e+00 -6.591081e-06 -7.844678e-06
2.929646e+00 -3.932484e-06 -2.400432e-07
2.940377e+00 2.055276e-06 -4.570236e-06
2.951109e+00 1.130921e-05 -1.232147e-05
2.961840e+00 -7.932881e-06 -1.330669e-05
2.972571e+00 -4.530833e-06 -1.751453e-05
2.983303e+00 -9.652129e-06 -6.286486e-06
2.994034e+00 -3.157297e-06 -9.125974e-06
3.004765e+00 7.672424e-06 1.390518e-05
3.015497e+00 -2.714217e-05 -8.615103e-06
3.026228e+00 -4.844578e-06 -1.040081e-05
3.036959e+00 2.231527e-05 -2.546549e-06
3.047690e+00 8.764864e-06 2.509676e-05
3.058422e+00 2.700578e-05 -1.367981e-05
3.069153e+00 -1.008072e-05 -6.159162e-05
3.079884e+00 1.197562e-05 2.925952e-06
3.090616e+00 -1.839952e-05 -7.481987e-05
3.101347e+00 3.154056e-05 -4.976933e-06
3.112078e+00 -5.024123e-05 -1.144061e-04
3.122810e+00 9.432334e-05 9.817062e-05
3.133541e+00 -2.844586e-04 -4.928927e-05
3.144272e+00 1.789228e-04 2.806037e-05
3.155003e+00 1.592208e-04 -1.152266e-04
3.165735e+00 -1.979724e-04 -9.603273e-05
3.176466e+00 -1.810016e-04 -8.947661e-05
3.187197e+00 -1.106316e-04 -1.344941e-04
3.197929e+00 -2.137131e-05 -1.215556e-04
3.208660e+00 6.367932e-05 -4.235970e-05
3.219391e+00 7.194001e-05 2.478594e-05
3.230123e+00 8.061626e-05 4.076353e-05
3.240854e+00 2.367675e-05 2.164744e-05
3.251585e+00 2.338311e-05 5.465966e-05
3.262317e+00 2.076674e-06 3.394596e-05
3.273048e+00 2.653129e-05 -1.089605e-05
3.283779e+00 4.425694e-05 -4.918312e-06
3.294510e+00 2.994084e-06 9.423395e-06
3.305242e+00 6.661687e-06 2.233639e-05
3.315973e+00 2.337112e-06 1.650842e-05
3.326704e+00 -1.599976e-05 -1.758235e-07
3.337436e+00 -3.022504e-06 -3.329149e-06
3.348167e+00 -9.562977e-06 1.099529e-05
3.358898e+00 -3.588966e-06 9.339224e-06
3.369630e+00 -9.779826e-06 2.028602e-05
3.380361e+00 8.258035e-06 1.857049e-05
3.391092e+00 9.750913e-07 1.398907e-05
3.401823e+00 3.185033e-06 8.213531e-06
3.412555e+00 -2.795649e-06 5.285081e-06
3.423286e+00 -6.322322e-06 1.876600e-05
3.434017e+00 9.726301e-06 -2.394238e-06
3.444749e+00 4.289338e-06 1.439839e-05
3.455480e+00 1.112462e-05 5.573025e-06
3.466211e+00 -1.862841e-05 -3.227432e-06
3.476943e+00 -1.104251e-05 -1.292562e-06
3.487674e+00 -1.127891e-05 -1.978810e-06
3.498405e+00 -3.992715e-06 2.462638e-05
3.509137e+00 1.433319e-05 8.501680e-06
3.519868e+00 -7.847342e-06 2.174144e-05
3.530599e+00 5.009827e-06 9.450250e-06
3.541330e+00 6.888241e-06 -3.561584e-08
3.552062e+00 9.402976e-06 4.254111e-06
3.562793e+00 7.866262e-06 -9.030132e-07
3.573524e+00 1.919042e-06 -1.717495e-06
3.584256e+00 4.467897e-06 -8.642307e-06
3.594987e+00 -6.458289e-06 6.454789e-07
3.605718e+00 -1.075451e-05 1.767594e-07
3.616450e+00 -6.864766e-06 2.047336e-06
3.627181e+00 -1.881160e-05 1.069863e-05
3.637912e+00 -7.537640e-06 1.533452e-05
3.648643e+00 1.063029e-05 1.183601e-05
3.659375e+00 9.103461e-06 1.737013e-05
3.670106e+00 1.229204e-05 1.333091e-05
3.680837e+00 8.215030e-06 1.346140e-06
3.691569e+00 -4.556811e-06 -6.885517e-06
3.702300e+00 1.471098e-05 9.743016e-07
3.713031e+00 -3.796397e-06 1.679565e-05
3.723763e+00 8.791162e-06 1.173369e-06
3.734494e+00 -5.236990e-06 6.704617e-06
3.745225e+00 1.062736e-05 -3.787356e-06
3.755957e+00 3.780170e-06 -1.015351e-06
3.766688e+00 -1.007482e-05 -2.218380e-05
3.777419e+00 -8.848597e-06 1.187165e-05
3.788150e+00 -1.412133e-05 5.927009e-06
3.798882e+00 -1.582014e-05 2.482942e-05
3.809613e+00 8.591692e-07 1.041880e-05
3.820344e+00 3.496555e-06 -1.335341e-06
3.831076e+00 3.782432e-06 1.118764e-05
3.841807e+00 1.312955e-06 -5.599462e-06
3.852538e+00 -2.279128e-05 1.791833e-05
3.863270e+00 1.491912e-05 1.264854e-05
3.874001e+00 -1.672426e-06 1.858186e-05
3.884732e+00 1.391786e-05 1.445310e-06
3.895463e+00 -2.887756e-06 -1.250172e-05
3.906195e+00 4.749888e-07 9.648392e-06
3.916926e+00 5.300924e-06 5.384065e-06
3.927657e+00 -6.004553e-06 5.324282e-06
3.938389e+00 -3.641519e-06 2.138488e-05
3.949120e+00 1.181073e-05 1.899747e-06
3.959851e+00 4.761219e-06 9.246619e-06
3.970583e+00 1.058528e-05 7.751643e-06
3.981314e+00 1.240386e-05 6.481688e-06
3.992045e+00 1.702465e-05 7.462686e-06
4.002777e+00 1.024394e-05 -2.932310e-06
4.013508e+00 9.880351e-06 -8.389744e-07
4.024239e+00 9.558468e-06 -1.832857e-05
4.034970e+00 1.033313e-05 -7.716743e-06
4.045702e+00 -7.457353e-06 -4.466967e-06
4.056433e+00 -1.692847e-06 -6.544893e-06
4.067164e+00 8.009350e-07 -9.008910e-06
4.077896e+00 -1.388779e-05 -3.203790e-06
4.088627e+00 -1.080689e-05 4.001461e-06
4.099358e+00 -6.989868e-06 2.707898e-06
4.110090e+00 2.253424e-06 5.830651e-06
4.120821e+00 1.139322e-07 3.867114e-06
4.131552e+00 3.058322e-06 1.117916e-06
4.142283e+00 1.341413e-06 3.541468e-06
4.153015e+00 -6.896516e-06 4.465639e-06
4.163746e+00 1.104656e-06 4.190980e-06
4.174477e+00 -1.532561e-06 -1.537973e-06
4.185209e+00 3.894506e-06 4.518364e-06
4.195940e+00 -9.275854e-08 -5.187418e-07
4.206671e+00 5.601263e-06 1.502834e-06
4.217403e+00 -2.942132e-06 9.587584e-07
4.228134e+00 -3.433149e-06 7.481508e-07
4.238865e+00 3.964108e-06 8.013869e-06
4.249597e+00 2.067022e-06 3.282083e-06
4.260328e+00 -4.194163e-08 -6.233486e-07
4.271059e+00 -7.616976e-06 -1.748240e-06
4.281790e+00 6.929336e-06 -7.520088e-06
4.292522e+00 7.400155e-06 4.644143e-06
4.303253e+00 -2.674084e-06 1.018625e-06
4.313984e+00 1.994320e-07 -5.018670e-06
4.324716e+00 5.305913e-06 5.400954e-06
4.335447e+00 -2.567191e-06 2.242223e-06
4.346178e+00 3.300605e-06 -5.082476e-06
4.356910e+00 1.445213e-06 5.372414e-06
4.367641e+00 -1.097279e-06 5.056757e-06
4.378372e+00 -3.402213e-06 -4.961970e-06
4.389103e+00 4.273418e-06 -6.566172e-07
4.399835e+00 1.032444e-06 9.027673e-06
4.410566e+00 8.585857e-07 -2.272638e-06
4.421297e+00 2.959577e-06 3.239694e-06
4.432029e+00 2.264504e-06 3.101452e-07
4.442760e+00 3.591789e-06 4.390277e-06
4.453491e+00 -1.353546e-06 -1.040580e-06
4.464223e+00 -7.405990e-07 1.363206e-07
4.474954e+00 3.036312e-07 -2.212570e-06
4.485685e+00 1.977674e-06 3.014515e-06
4.496417e+00 -3.354132e-06 1.070708e-06
4.507148e+00 -1.838720e-06 -2.031895e-06
4.517879e+00 1.579297e-06 3.899131e-06
4.528610e+00 2.119286e-06 4.819360e-07
4.539342e+00 -2.454004e-06 3.205983e-06
4.550073e+00 -4.572715e-07 3.947838e-06
4.560804e+00 -6.468219e-07 -1.316104e-06
4.571536e+00 -2.971052e-06 4.861550e-08
4.582267e+00 2.286438e-06 5.332457e-06
4.592998e+00 3.880598e-06 1.107239e-06
4.603730e+00 1.355597e-06 -4.823249e-07
4.614461e+00 1.838260e-06 3.006202e-06
4.625192e+00 -1.541071e-06 2.476173e-06
4.635923e+00 -5.910715e-08 1.902755e-06
4.646655e+00 1.278625e-06 -3.367580e-06
4.657386e+00 -2.121558e-06 2.457808e-07
4.668117e+00 1.314987e-06 -8.257582e-07
4.678849e+00 -4.557765e-06 -2.183193e-06
4.689580e+00 2.459510e-07 4.370156e-06
4.700311e+00 -1.069216e-06 2.872735e-06
4.711043e+00 8.290716e-07 1.049849e-06
4.721774e+00 3.305443e-06 1.433690e-06
4.732505e+00 1.145737e-06 -1.575181e-06
4.743237e+00 -1.946695e-06 -1.205451e-06
4.753968e+00 -1.956608e-06 1.129035e-06
4.764699e+00 -1.921188e-07 3.842017e-06
4.775430e+00 -1.614650e-06 1.007150e-06
4.786162e+00 -5.072628e-08 2.204853e-06
4.796893e+00 -8.623359e-07 -1.591232e-06
4.807624e+00 3.751189e-06 -1.515535e-06
4.818356e+00 3.181623e-07 2.706385e-06
4.829087e+00 5.190185e-07 1.188522e-06
4.839818e+00 -3.526137e-07 1.065949e-06
4.850550e+00 -9.775931e-07 -1.783915e-06
4.861281e+00 2.470523e-06 3.425134e-06
4.872012e+00 9.017576e-07 -2.854625e-06
4.882743e+00 -7.923063e-07 -1.267067e-06
4.893475e+00 1.799220e-06 4.785426e-07
4.904206e+00 -1.894627e-06 -5.482851e-07
4.914937e+00 1.164703e-06 -7.358914e-07
4.925669e+00 2.772964e-06 2.095456e-06
4.936400e+00 -2.672468e-06 -3.217576e-06
4.947131e+00 1.621243e-06 1.504883e-06
4.957863e+00 2.101561e-06 2.900076e-06
4.968594e+00 -5.424854e-07 3.391205e-07
4.979325e+00 -3.320542e-06 -3.259646e-06
4.990057e+00 2.123680e-06 1.966920e-06
5.000788e+00 -1.755176e-06 -2.762663e-07
5.011519e+00 3.584520e-06 1.431357e-06
5.022250e+00 -3.113023e-06 -1.611728e-06
5.032982e+00 2.805704e-06 -3.843659e-06
5.043713e+00 -3.409553e-06 3.669197e-06
5.054444e+00 -1.114150e-06 -2.705727e-06
5.065176e+00 -2.792133e-06 -9.915112e-07
5.075907e+00 1.673826e-06 2.331222e-06
5.086638e+00 -2.067544e-06 -1.335517e-06
5.097370e+00 1.909971e-06 -2.338128e-06
5.108101e+00 1.286695e-06 1.840014e-06
5.118832e+00 -3.341315e-06 7.143075e-07
5.129563e+00 1.725492e-07 -1.792362e-06
5.140295e+00 5.385703e-07 4.786437e-06
5.151026e+00 -9.851211e-07 7.688116e-07
5.161757e+00 1.311564e-06 -1.351080e-06
5.172489e+00 3.399887e-06 4.766301e-07
5.183220e+00 5.860345e-07 5.423966e-07
5.193951e+00 -2.678473e-06 2.672633e-07
5.204683e+00 -5.093317e-06 -9.101939e-07
5.215414e+00 -2.320858e-06 7.755359e-08
5.226145e+00 1.710435e-06 -2.210933e-06
5.236877e+00 1.913131e-06 1.299605e-06
5.247608e+00 9.380485e-07 -2.418557e-06
5.258339e+00 -4.649735e-06 -7.840907e-07
5.269070e+00 -4.527463e-07 2.577340e-06
5.279802e+00 -6.132717e-07 -4.413530e-07
5.290533e+00 -1.030544e-06 3.821192e-06
5.301264e+00 2.036895e-06 5.025664e-07
5.311996e+00 1.180543e-06 4.646875e-06
5.322727e+00 -8.086470e-07 1.954513e-06
5.333458e+00 -3.120520e-06 1.488980e-06
5.344190e+00 -4.201690e-06 -8.749238e-07
5.354921e+00 -7.897012e-07 -2.990960e-06
5.365652e+00 -3.726033e-06 -8.553821e-07
5.376383e+00 3.553025e-07 5.064541e-06
5.387115e+00 4.023029e-06 -1.925936e-07
5.397846e+00 1.103272e-06 2.503583e-07
5.408577e+00 2.564047e-06 1.590639e-06
5.419309e+00 2.727684e-06 6.322338e-07
5.430040e+00 3.731513e-06 1.128813e-06
5.440771e+00 4.825399e-06 -1.694249e-06
5.451503e+00 1.931213e-06 2.454961e-06
5.462234e+00 -3.418980e-06 -1.015209e-06
5.472965e+00 -1.480791e-06 -6.451141e-06
5.483697e+00 -3.569689e-06 2.831628e-06
5.494428e+00 8.813529e-07 -5.528701e-06
5.505159e+00 -5.204814e-07 1.295742e-06
5.515890e+00 -4.028514e-06 -3.013413e-06
5.526622e+00 1.793395e-06 3.018789e-06
5.537353e+00 -2.718270e-06 -1.205654e-06
5.548084e+00 -1.303341e-06 -2.728572e-07
5.558816e+00 4.134939e-06 -7.167498e-08
5.569547e+00 -2.847337e-08 -3.251533e-06
5.580278e+00 -2.322993e-06 3.646000e-06
5.591010e+00 -3.935017e-06 -2.194110e-06
5.601741e+00 7.706374e-07 7.159389e-06
5.612472e+00 5.705465e-06 -2.523007e-06
5.623203e+00 -2.108806e-06 3.005571e-06
5.633935e+00 1.260303e-07 -4.116431e-06
5.644666e+00 -1.257907e-06 -1.551314e-06
5.655397e+00 -1.527778e-06 5.957447e-06
5.666129e+00 2.432390e-06 4.223683e-06
5.676860e+00 -2.224396e-06 5.027761e-06
5.687591e+00 2.860797e-06 -3.488423e-07
5.698323e+00 -2.293873e-06 -3.496373e-06
5.709054e+00 -2.002095e-06 1.035688e-06
5.719785e+00 -1.020046e-06 4.250549e-06
5.730517e+00 -1.392721e-06 7.554181e-06
5.741248e+00 -1.802037e-06 4.541299e-06
5.751979e+00 2.107317e-06 3.711071e-06
5.762710e+00 8.649418e-07 -1.504852e-06
5.773442e+00 3.245920e-06 -5.474295e-06
5.784173e+00 -8.202580e-07 1.001985e-06
5.794904e+00 -7.575915e-07 4.073371e-06
5.805636e+00 -3.394268e-06 5.146563e-07
5.816367e+00 -3.966638e-06 -4.368680e-07
5.827098e+00 6.781916e-07 -7.124347e-07
5.837830e+00 2.333780e-06 1.713055e-06
5.848561e+00 -1.151712e-06 3.836949e-06
5.859292e+00 -1.125290e-06 1.962830e-06
5.870023e+00 -8.597806e-08 1.125362e-06
5.880755e+00 -1.643012e-06 1.706071e-06
5.891486e+00 -1.034535e-06 -2.066747e-06
5.902217e+00 1.081890e-06 -2.687510e-07
5.912949e+00 1.863475e-06 -1.531491e-06
5.923680e+00 -2.789960e-06 -1.921706e-07
5.934411e+00 -1.230368e-06 -2.934881e-07
5.945143e+00 -9.867252e-07 4.418810e-08
5.955874e+00 -2.756459e-06 5.416769e-06
5.966605e+00 -1.668445e-06 -1.541543e-06
5.977337e+00 -3.309993e-06 -2.121175e-06
5.988068e+00 3.621134e-06 1.221676e-06
5.998799e+00 -5.632141e-06 3.696685e-06
6.009530e+00 -4.209770e-06 4.011841e-06
6.020262e+00 -1.580531e-06 -3.400781e-07
6.030993e+00 8.757815e-08 2.253189e-06
6.041724e+00 2.167009e-06 -2.371613e-06
6.052456e+00 3.637546e-06 3.703878e-06
6.063187e+00 -2.433484e-06 -2.110861e-07
6.073918e+00 2.160873e-07 -3.116785e-07
6.084650e+00 -2.466080e-06 1.067976e-06
6.095381e+00 3.243430e-06 -1.839875e-07
6.106112e+00 -3.660490e-06 1.226629e-06
6.116843e+00 1.382243e-06 -2.372653e-06
6.127575e+00 2.669790e-07 4.250751e-06
6.138306e+00 -4.519131e-06 -5.264306e-06
6.149037e+00 2.311523e-06 2.823496e-06
6.159769e+00 5.232840e-07 3.732045e-06
6.170500e+00 -7.983641e-06 -1.888604e-06
6.181231e+00 5.592835e-07 -3.795878e-06
6.191963e+00 4.881751e-06 -4.588739e-06
6.202694e+00 1.919564e-06 9.073519e-06
6.213425e+00 2.820053e-06 -1.415755e-05
6.224157e+00 -1.081344e-05 6.397845e-06
6.234888e+00 -4.769091e-06 -1.519253e-05
6.245619e+00 -3.698529e-06 1.147747e-05
6.256350e+00 -1.591070e-05 -1.950355e-05
6.267082e+00 1.550597e-05 1.191042e-05
6.277813e+00 -1.644977e-05 1.787446e-05
6.288544e+00 -3.159163e-05 2.420736e-06
6.299276e+00 2.866545e-05 -2.122335e-08
6.310007e+00 1.216724e-05 -9.393034e-06
6.320738e+00 -1.376843e-05 7.423566e-07
6.331470e+00 -1.097472e-05 9.089005e-06
6.342201e+00 -6.693617e-06 -2.824578e-07
6.352932e+00 7.936895e-06 9.344142e-06
6.363663e+00 7.460576e-06 1.164607e-05
6.374395e+00 5.386810e-06 2.058240e-05
6.385126e+00 -1.320163e-05 -2.881805e-07
6.395857e+00 -6.835366e-06 -1.454019e-05
6.406589e+00 -3.609566e-06 -1.433495e-05
6.417320e+00 4.181432e-06 -2.653743e-05
6.428051e+00 1.979402e-05 -2.309615e-05
6.438783e+00 1.646644e-05 -1.060194e-05
6.449514e+00 7.490805e-06 3.065624e-06
6.460245e+00 4.531169e-06 1.335098e-05
6.470977e+00 -3.527796e-06 6.407300e-06
6.481708e+00 -1.829321e-06 -1.838351e-06
6.492439e+00 3.736521e-06 -2.854017e-06
6.503170e+00 1.167886e-05 3.392366e-06
6.513902e+00 5.855606e-06 5.449909e-06
6.524633e+00 2.288538e-06 2.248104e-06
6.535364e+00 3.747265e-06 2.759684e-06
6.546096e+00 -3.935528e-07 3.143577e-06
6.556827e+00 3.962359e-06 -6.189429e-06
6.567558e+00 -1.152090e-06 -6.226620e-07
6.578290e+00 -7.035927e-08 -3.010415e-06
6.589021e+00 5.483086e-06 -4.023795e-06
6.599752e+00 4.024673e-06 1.053710e-06
6.610483e+00 2.857434e-06 1.954023e-06
6.621215e+00 -9.015098e-07 4.557580e-06
6.631946e+00 -6.345431e-07 -1.354770e-06
6.642677e+00 1.108185e-06 2.995093e-06
6.653409e+00 8.386388e-06 1.030140e-06
6.664140e+00 9.389823e-07 1.169427e-06
6.674871e+00 -1.153042e-07 1.506986e-06
6.685603e+00 -2.860747e-07 -3.352956e-06
6.696334e+00 6.696704e-07 1.265340e-06
6.707065e+00 4.474681e-06 -5.605774e-07
6.717797e+00 -4.644004e-07 -3.440449e-08
6.728528e+00 1.875659e-06 -1.085943e-06
6.739259e+00 -2.627578e-06 -2.994137e-06
6.749990e+00 -1.650678e-06 6.901199e-06
6.760722e+00 1.412281e-06 1.578072e-06
6.771453e+00 2.124601e-06 3.510823e-06
6.782184e+00 -1.070279e-07 3.915195e-06
6.792916e+00 4.926470e-06 3.175714e-07
6.803647e+00 9.008432e-06 -4.413061e-08
6.814378e+00 4.168351e-06 -5.188447e-06
6.825110e+00 5.569048e-06 7.241683e-07
6.835841e+00 -1.152533e-05 -7.198097e-06
6.846572e+00 -1.356091e-06 -9.949735e-06
6.857303e+00 -7.142595e-06 -7.348711e-07
6.868035e+00 2.190141e-06 -8.971063e-07
6.878766e+00 -6.683202e-06 7.003291e-06
6.889497e+00 1.107653e-07 2.897257e-07
6.900229e+00 4.436163e-06 3.462666e-06
6.910960e+00 2.593287e-06 -3.037697e-06
6.921691e+00 -1.159277e-06 3.320145e-06
6.932423e+00 2.119155e-06 3.526192e-06
6.943154e+00 4.587610e-06 6.100203e-06
6.953885e+00 6.530207e-07 4.636219e-06
6.964617e+00 6.805037e-06 -3.737901e-07
6.975348e+00 -7.982344e-07 -3.573241e-06
6.986079e+00 1.097231e-05 -2.658277e-06
6.996810e+00 -6.194102e-06 -2.643913e-06
7.007542e+00 -6.160307e-07 2.603711e-06
7.018273e+00 1.659530e-06 -9.633313e-08
7.029004e+00 3.226085e-06 5.676991e-06
7.039736e+00 2.434852e-06 -4.125584e-06
7.050467e+00 -3.023536e-06 -5.313771e-06
7.061198e+00 8.915301e-07 1.585945e-06
7.071930e+00 5.148029e-06 -1.627397e-06
7.082661e+00 -7.058447e-06 1.186769e-06
7.093392e+00 9.811863e-07 -6.617651e-07
7.104123e+00 3.970313e-06 -5.275090e-06
7.114855e+00 3.807285e-06 -2.407565e-06
7.125586e+00 1.783843e-06 -6.902314e-06
7.136317e+00 -1.272654e-06 -8.362000e-07
7.147049e+00 1.747298e-06 -6.804724e-06
7.157780e+00 -1.948933e-06 1.212430e-06
7.168511e+00 -5.112078e-06 -2.432544e-06
7.179243e+00 4.929589e-09 -7.219830e-06
7.189974e+00 -2.356781e-06 2.592352e-06
7.200705e+00 -3.701815e-06 4.047672e-06
7.211437e+00 -3.352518e-06 4.962658e-06
7.222168e+00 -2.885189e-07 1.244676e-06
7.232899e+00 -5.796820e-06 5.251502e-06
7.243630e+00 -1.676603e-06 6.606166e-06
7.254362e+00 -1.508050e-06 3.022606e-06
7.265093e+00 1.822034e-06 4.279774e-06
7.275824e+00 1.389500e-06 1.644386e-06
7.286556e+00 1.857264e-06 5.722690e-06
7.297287e+00 -1.901894e-06 -1.103357e-07
7.308018e+00 -6.370740e-06 5.506338e-07
7.318750e+00 1.460546e-06 -3.479435e-06
7.329481e+00 2.245673e-06 2.667001e-06
7.340212e+00 -2.551279e-06 -1.843250e-09
7.350943e+00 1.041632e-06 -3.490306e-07
7.361675e+00 -2.451829e-06 5.230279e-06
7.372406e+00 8.675838e-07 -5.893401e-06
7.383137e+00 5.239449e-07 -4.923428e-07
7.393869e+00 -1.444291e-06 2.854403e-07
7.404600e+00 5.880854e-06 -1.169176e-07
7.415331e+00 -1.364273e-06 7.218511e-07
7.426063e+00 -5.702370e-06 -4.534770e-06
7.436794e+00 7.801544e-06 9.668477e-07
7.447525e+00 -3.322820e-06 1.913271e-06
7.458257e+00 -3.438328e-07 -2.088359e-06
7.468988e+00 1.912360e-06 3.075854e-06
7.479719e+00 -6.786555e-06 2.197329e-06
7.490450e+00 -4.453271e-06 -2.759279e-06
7.501182e+00 5.836987e-06 -2.986598e-06
7.511913e+00 4.074048e-06 2.590352e-06
7.522644e+00 -6.789739e-06 1.255113e-06
7.533376e+00 3.837344e-06 -5.442260e-06
7.544107e+00 -2.691539e-06 2.969486e-06
7.554838e+00 8.282783e-07 1.260801e-07
7.565570e+00 -1.119196e-06 -3.033016e-06
7.576301e+00 -1.554227e-06 2.565048e-06
7.587032e+00 -2.030539e-06 5.538857e-06
7.597763e+00 -4.717122e-07 2.660663e-06
7.608495e+00 -1.263712e-06 1.493006e-06
7.619226e+00 -2.307776e-08 -4.777072e-06
7.629957e+00 6.895495e-07 3.363609e-06
7.640689e+00 2.248136e-06 1.611612e-06
7.651420e+00 -1.718436e-06 8.605234e-07
7.662151e+00 -8.856168e-07 -9.240697e-07
7.672883e+00 -2.737334e-06 8.569383e-07
7.683614e+00 2.523569e-06 -9.190888e-07
7.694345e+00 6.045140e-07 5.263717e-07
7.705077e+00 7.548099e-07 3.900241e-06
7.715808e+00 3.844547e-07 -1.970501e-06
7.726539e+00 4.534441e-06 -2.084279e-06
7.737270e+00 3.528621e-07 -2.085872e-06
7.748002e+00 -1.489661e-06 4.404162e-07
7.758733e+00 -2.298607e-07 -1.167699e-06
7.769464e+00 2.241364e-06 -3.542072e-06
7.780196e+00 -6.231584e-07 -1.138253e-06
7.790927e+00 -1.544796e-07 1.733301e-07
7.801658e+00 -7.953994e-07 -3.293584e-07
7.812390e+00 -1.652695e-06 -1.346641e-06
7.823121e+00 1.800928e-07 1.648779e-06
7.833852e+00 -5.962384e-07 -1.064698e-06
7.844583e+00 2.761845e-07 1.234796e-06
7.855315e+00 1.114236e-06 -3.082329e-06
7.866046e+00 -2.798712e-07 -1.093581e-08
7.876777e+00 -2.593490e-06 5.169544e-06
7.887509e+00 3.459210e-06 1.119602e-06
7.898240e+00 -1.278816e-06 -1.437006e-06
7.908971e+00 3.717709e-06 -8.902370e-07
7.919703e+00 -1.218494e-06 -1.305965e-08
7.930434e+00 6.060562e-07 -6.022155e-07
7.941165e+00 -1.000151e-06 -1.140086e-06
7.951897e+00 -3.019022e-06 1.460542e-06
7.962628e+00 2.198056e-06 -8.953135e-07
7.973359e+00 -2.373505e-06 2.597146e-07
7.984090e+00 2.684619e-06 -1.625945e-06
7.994822e+00 -1.317648e-06 -2.201968e-07
8.005553e+00 1.633264e-06 1.365235e-06
8.016284e+00 2.891616e-06 2.006059e-07
8.027016e+00 6.643932e-07 -8.512876e-07
8.037747e+00 4.430627e-06 1.260796e-06
8.048478e+00 1.934836e-07 -1.828087e-06
8.059210e+00 2.176936e-06 1.587083e-07
8.069941e+00 -8.518518e-07 -1.736063e-06
8.080672e+00 2.816682e-07 -1.769964e-07
8.091403e+00 -2.293290e-07 -1.706213e-06
8.102135e+00 -7.815509e-07 1.208230e-06
8.112866e+00 9.521893e-08 2.665905e-06
8.123597e+00 2.751448e-06 3.898760e-06
8.134329e+00 -9.653887e-07 1.402085e-06
8.145060e+00 6.377700e-07 -2.376598e-06
8.155791e+00 -1.144343e-06 2.785873e-06
8.166523e+00 2.908244e-06 -1.286835e-06
8.177254e+00 -1.512472e-06 2.297633e-06
8.187985e+00 2.841351e-06 -2.278616e-06
8.198717e+00 -9.643869e-07 4.853369e-07
8.209448e+00 1.420969e-06 -1.449847e-06
8.220179e+00 -1.162252e-06 -2.176212e-06
8.230910e+00 -4.145614e-06 -1.852830e-06
8.241642e+00 1.648676e-06 1.041039e-07
8.252373e+00 -1.471401e-06 2.565757e-06
8.263104e+00 -2.076999e-06 7.422037e-07
8.273836e+00 4.531504e-07 2.991453e-06
8.284567e+00 -3.293869e-07 -1.337354e-07
8.295298e+00 6.119129e-07 -6.020705e-07
8.306030e+00 -3.819873e-09 1.271972e-06
8.316761e+00 2.441080e-06 1.218657e-06
8.327492e+00 5.154022e-07 -5.017636e-07
8.338223e+00 1.798415e-06 -1.022954e-06
8.348955e+00 -4.537622e-07 6.776397e-08
8.359686e+00 3.562118e-07 7.701415e-07
8.370417e+00 7.883563e-07 -3.234893e-06
8.381149e+00 -2.177322e-06 2.990058e-07
8.391880e+00 -8.880927e-07 -8.984661e-07
8.402611e+00 -6.007948e-07 -1.095139e-06
8.413343e+00 1.750202e-06 5.607137e-07
8.424074e+00 -2.781357e-07 3.375057e-06
8.434805e+00 1.620137e-06 3.608491e-06
8.445537e+00 2.368166e-06 9.808153e-08
8.456268e+00 -3.197038e-06 5.875756e-07
8.466999e+00 -2.428993e-06 8.703466e-07
8.477730e+00 -4.340673e-07 2.042607e-06
8.488462e+00 -1.729560e-08 1.387399e-06
8.499193e+00 3.074251e-07 -2.122768e-06
8.509924e+00 -2.371933e-06 2.664847e-06
8.520656e+00 -1.587112e-06 -1.639907e-06
8.531387e+00 -1.052391e-06 -9.867348e-07
8.542118e+00 -4.031001e-07 1.268358e-06
8.552850e+00 1.175451e-08 2.937160e-06
8.563581e+00 -1.334646e-06 3.811531e-06
8.574312e+00 2.538516e-06 2.246977e-06
8.585043e+00 7.134672e-07 2.616203e-06
8.595775e+00 2.050226e-07 8.844252e-07
8.606506e+00 -1.082264e-06 -2.748395e-06
8.617237e+00 2.316136e-06 2.118549e-06
8.627969e+00 1.280975e-06 -3.824963e-06
8.638700e+00 6.497917e-07 -1.470751e-06
8.649431e+00 -1.593718e-06 -4.094276e-06
8.660163e+00 2.658576e-07 9.232098e-08
8.670894e+00 -3.281773e-06 -3.200719e-06
8.681625e+00 -1.503785e-06 -1.853029e-06
8.692357e+00 -4.929560e-07 -4.516341e-07
8.703088e+00 -1.269068e-06 -9.760757e-07
8.713819e+00 -2.310142e-07 5.871744e-07
8.724550e+00 -1.510891e-07 6.476274e-07
8.735282e+00 -5.351606e-07 1.463443e-06
8.746013e+00 2.983442e-07 -8.998137e-07
8.756744e+00 -1.473468e-06 4.446195e-06
8.767476e+00 -3.242414e-06 3.379278e-06
8.778207e+00 9.437940e-07 1.305967e-06
8.788938e+00 1.781118e-06 1.078192e-06
8.799670e+00 2.810415e-06 -1.790055e-06
8.810401e+00 -1.587439e-06 1.637406e-07
8.821132e+00 -1.483596e-06 2.018496e-06
8.831863e+00 -3.027619e-06 1.372896e-06
8.842595e+00 6.201812e-07 2.142963e-06
8.853326e+00 7.654817e-07 1.205824e-06
8.864057e+00 -2.170484e-06 -8.880291e-07
8.874789e+00 4.685651e-07 -1.626099e-07
8.885520e+00 -3.119855e-06 1.075128e-06
8.896251e+00 -2.402965e-06 1.648512e-06
8.906983e+00 -1.386686e-06 1.393059e-06
8.917714e+00 2.228786e-07 2.207451e-06
8.928445e+00 2.814910e-06 6.063876e-07
8.939177e+00 1.634461e-06 -7.631519e-07
8.949908e+00 -7.610278e-07 -2.988320e-07
8.960639e+00 -1.814340e-06 7.252517e-07
8.971370e+00 -3.863257e-07 -8.359362e-07
8.982102e+00 -1.291733e-06 8.537808e-07
8.992833e+00 -1.776564e-06 -6.829703e-07
9.003564e+00 1.881764e-06 4.760187e-07
9.014296e+00 -4.960666e-07 5.109970e-07
9.025027e+00 6.060062e-07 7.195030e-08
9.035758e+00 6.345102e-07 3.717004e-06
9.046490e+00 3.870251e-07 -2.903668e-07
9.057221e+00 -4.966548e-07 1.649113e-07
9.067952e+00 -2.554592e-09 -9.117267e-07
9.078683e+00 2.119462e-07 4.463852e-08
9.089415e+00 1.738477e-06 6.538913e-08
9.100146e+00 7.022696e-07 -8.394266e-07
9.110877e+00 9.240741e-07 1.214361e-06
9.121609e+00 -1.169264e-06 2.467319e-06
9.132340e+00 -8.049597e-08 -1.176088e-06
9.143071e+00 -1.415251e-06 1.019890e-06
9.153803e+00 -1.120366e-06 -1.275662e-06
9.164534e+00 -5.017348e-07 -2.252534e-07
9.175265e+00 -6.497487e-07 -2.294681e-06
9.185997e+00 8.085724e-08 1.212224e-06
9.196728e+00 -1.591432e-06 1.956312e-06
9.207459e+00 -2.515594e-06 -1.723197e-07
9.218190e+00 3.597881e-06 3.645859e-07
9.228922e+00 2.965249e-07 2.254630e-06
9.239653e+00 -3.983758e-07 -1.283605e-06
9.250384e+00 2.256887e-06 -1.602318e-06
9.261116e+00 1.545858e-06 2.970264e-06
9.271847e+00 1.517407e-07 -8.446470e-07
9.282578e+00 -4.231052e-06 3.329511e-06
9.293310e+00 -1.493247e-06 -1.933534e-06
9.304041e+00 1.454357e-06 -4.391092e-07
9.314772e+00 -4.334252e-07 -1.729661e-06
9.325503e+00 -2.052887e-06 4.726981e-06
9.336235e+00 -2.452869e-06 -1.570351e-06
9.346966e+00 1.369206e-06 1.406814e-06
9.357697e+00 -2.764676e-06 -3.466088e-06
9.368429e+00 2.593136e-07 2.259942e-06
9.379160e+00 -1.133406e-06 -2.090144e-06
9.389891e+00 1.052846e-06 7.605571e-07
9.400623e+00 -4.242430e-06 3.463191e-07
9.411354e+00 -2.940262e-06 2.850892e-06
9.422085e+00 -1.393559e-06 -6.895363e-06
9.432817e+00 4.751773e-07 5.280531e-07
9.443548e+00 2.092660e-06 8.907379e-07
9.454279e+00 -3.367682e-06 -3.107384e-06
9.465010e+00 -6.906216e-06 1.976506e-06
9.475742e+00 2.196005e-06 5.709250e-06
9.486473e+00 1.652699e-06 2.728576e-06
9.497204e+00 1.222069e-07 5.839687e-07
9.507936e+00 -4.964600e-07 1.290881e-07
9.518667e+00 1.153775e-06 -3.414031e-06
9.529398e+00 1.157494e-06 -2.636402e-06
9.540130e+00 -5.142280e-07 9.233276e-07
9.550861e+00 -1.322127e-06 2.883222e-06
9.561592e+00 -1.649977e-06 1.500923e-06
9.572323e+00 -3.552765e-08 2.570030e-06
9.583055e+00 -1.724050e-06 1.574475e-07
9.593786e+00 -2.246536e-06 -4.918674e-07
9.604517e+00 2.267450e-06 -1.050991e-06
9.615249e+00 -6.912020e-07 -1.124482e-06
9.625980e+00 7.588922e-07 -1.591558e-08
9.636711e+00 -2.671589e-06 3.224692e-07
9.647443e+00 -3.400841e-06 2.342997e-06
9.658174e+00 -2.256417e-06 -1.683716e-06
9.668905e+00 -1.769458e-06 -1.341459e-06
9.679637e+00 7.659588e-07 -1.311343e-06
9.690368e+00 2.930802e-06 -1.458730e-06
9.701099e+00 -6.124438e-07 2.004485e-06
9.711830e+00 -4.030202e-08 1.185723e-06
9.722562e+00 1.629725e-06 2.123329e-06
9.733293e+00 2.430370e-06 1.066370e-06
9.744024e+00 1.463237e-06 4.679203e-07
9.754756e+00 -2.761435e-07 2.242407e-06
9.765487e+00 3.338403e-07 -1.945304e-06
9.776218e+00 2.140334e-06 -1.172662e-06
9.786950e+00 -1.346447e-07 1.923258e-06
9.797681e+00 3.668214e-06 -2.743462e-06
9.808412e+00 -6.271668e-07 3.635186e-07
9.819143e+00 1.310081e-06 7.962812e-07
9.829875e+00 1.003905e-07 1.094653e-06
9.840606e+00 1.161549e-06 2.964047e-06
9.851337e+00 -1.108532e-06 -1.008157e-06
9.862069e+00 -2.261809e-06 -1.467582e-06
9.872800e+00 -2.308893e-06 -7.678910e-07
9.883531e+00 -1.531237e-06 4.907078e-07
9.894263e+00 -6.412674e-07 -1.532074e-06
9.904994e+00 8.841898e-07 5.462359e-07
9.915725e+00 -2.030817e-06 -6.101316e-07
9.926457e+00 1.573813e-06 2.169832e-06
9.937188e+00 1.329008e-08 -1.060432e-07
9.947919e+00 1.074750e-06 2.259495e-07
9.958650e+00 -1.037275e-06 2.635640e-06
9.969382e+00 2.356917e-07 -6.553676e-07
9.980113e+00 -1.699844e-06 4.786987e-07
9.990844e+00 4.916067e-07 4.826002e-07
1.000158e+01 1.000714e-06 -7.523467e-07
1.001231e+01 3.669336e-06 -2.596302e-07
1.002304e+01 -1.053112e-06 -2.289064e-06
1.003377e+01 -2.803736e-06 -6.757360e-07
1.004450e+01 9.303575e-07 -9.367226e-07
1.005523e+01 -3.048827e-06 7.228879e-07
1.006596e+01 -1.522606e-06 3.576201e-06
1.007669e+01 -1.164848e-06 1.739888e-06
1.008743e+01 1.199198e-06 1.708409e-06
1.009816e+01 2.996253e-06 6.281341e-07
1.010889e+01 5.446307e-07 2.028497e-06
1.011962e+01 -2.421369e-07 5.526841e-07
1.013035e+01 1.449298e-06 -1.925164e-07
1.014108e+01 4.032052e-07 -1.832655e-07
1.015181e+01 3.123016e-06 -7.540815e-07
1.016255e+01 1.387440e-06 -1.075432e-06
1.017328e+01 1.231024e-06 1.886128e-06
1.018401e+01 -6.720006e-07 -2.531210e-06
1.019474e+01 1.069261e-06 -6.209641e-07
1.020547e+01 2.043345e-06 3.919341e-06
1.021620e+01 -8.314200e-08 -1.872996e-06
1.022693e+01 3.766588e-07 1.415481e-06
1.023766e+01 1.521069e-06 1.213144e-06
1.024840e+01 8.177310e-07 -4.609961e-07
1.025913e+01 2.802528e-06 1.934459e-07
1.026986e+01 2.410514e-06 1.238322e-08
1.028059e+01 -8.547722e-08 7.893103e-09
1.029132e+01 9.178375e-07 -2.588590e-06
1.030205e+01 -1.975335e-06 -2.022941e-07
1.031278e+01 -3.259381e-07 -7.754552e-07
1.032351e+01 -5.745694e-08 -2.327481e-06
1.033425e+01 2.939269e-07 5.582929e-07
1.034498e+01 4.001608e-07 1.013815e-06
1.035571e+01 -2.830979e-06 -1.220570e-06
1.036644e+01 -2.675795e-07 -1.066853e-06
1.037717e+01 1.205447e-06 1.460425e-06
1.038790e+01 2.163581e-07 -1.423119e-06
1.039863e+01 -5.650808e-07 2.523519e-06
1.040937e+01 1.600884e-07 -1.539718e-07
1.042010e+01 -1.165994e-06 2.555356e-06
1.043083e+01 -4.197565e-07 7.247619e-07
1.044156e+01 4.850276e-07 2.721647e-06
1.045229e+01 2.171825e-06 -2.454154e-06
1.046302e+01 2.221150e-06 -1.898423e-06
1.047375e+01 -4.034116e-07 1.258865e-06
1.048448e+01 -2.861192e-06 -1.209364e-06
1.049522e+01 -4.849844e-08 1.076196e-06
1.050595e+01 -2.120872e-06 -5.033628e-07
1.051668e+01 -1.492475e-07 2.607427e-07
1.052741e+01 3.451488e-07 4.011400e-07
1.053814e+01 -2.938753e-06 6.746323e-07
1.054887e+01 -3.970360e-06 2.156330e-06
1.055960e+01 -2.654058e-06 -3.083667e-07
1.057033e+01 -7.503406e-07 -6.256666e-06
1.058107e+01 -5.808178e-07 -8.496300e-07
1.059180e+01 -2.051969e-07 1.998506e-06
1.060253e+01 7.352259e-08 1.465802e-06
1.061326e+01 2.274616e-06 2.645291e-06
1.062399e+01 -3.462209e-06 2.932412e-06
1.063472e+01 -4.468771e-06 1.984987e-06
1.064545e+01 2.705062e-06 2.493428e-06
1.065619e+01 -3.981999e-06 4.045379e-06
1.066692e+01 -2.997312e-06 -8.415704e-07
1.067765e+01 8.113326e-07 -8.080994e-07
1.068838e+01 -1.690588e-07 -2.630276e-06
1.069911e+01 1.542484e-06 -1.169096e-06
1.070984e+01 2.914070e-06 -3.920038e-06
1.072057e+01 1.619399e-06 1.343221e-06
1.073130e+01 1.682342e-06 -1.993804e-06
1.074204e+01 -2.283325e-06 -6.433768e-07
1.075277e+01 -3.628644e-06 -1.419742e-06
1.076350e+01 5.661938e-07 -9.762112e-07
1.077423e+01 -2.729692e-07 2.371206e-06
1.078496e+01 -5.231253e-07 5.714709e-06
1.079569e+01 -2.573322e-06 -2.027845e-07
1.080642e+01 1.688232e-06 -3.460333e-07
1.081715e+01 8.021235e-07 -9.027122e-07
1.082789e+01 -5.466381e-07 1.669249e-06
1.083862e+01 -1.144816e-06 -1.389347e-07
1.084935e+01 -1.074661e-06 1.274214e-06
1.086008e+01 1.151121e-06 6.965218e-07
1.087081e+01 1.874472e-06 -1.190928e-06
1.088154e+01 1.156353e-06 1.586067e-06
1.089227e+01 -2.015654e-06 -1.203610e-06
1.090301e+01 -2.289782e-07 1.541415e-07
1.091374e+01 -8.454566e-08 -4.513804e-07
1.092447e+01 -1.930260e-06 -2.050865e-06
1.093520e+01 -2.513918e-06 5.963380e-07
1.094593e+01 -1.018966e-06 1.588935e-06
1.095666e+01 -2.405722e-06 2.235246e-06
1.096739e+01 3.086349e-06 -1.455438e-07
1.097812e+01 -1.285040e-06 -8.716113e-07
1.098886e+01 8.792227e-07 -6.234853e-07
1.099959e+01 4.946272e-07 2.055299e-06
1.101032e+01 5.767292e-07 1.291485e-06
1.102105e+01 1.421737e-08 1.670771e-06
1.103178e+01 -1.088870e-06 -3.259931e-06
1.104251e+01 1.007540e-07 -9.298782e-07
1.105324e+01 -1.053653e-06 1.453398e-06
1.106397e+01 -5.294381e-07 -1.857980e-06
1.107471e+01 -6.378944e-08 2.852005e-06
1.108544e+01 5.842417e-07 6.241733e-07
1.109617e+01 -6.500087e-07 1.556245e-06
1.110690e+01 1.269418e-06 2.209535e-06
1.111763e+01 6.413586e-07 -2.282119e-07
1.112836e+01 8.637823e-08 -3.425428e-07
1.113909e+01 2.473992e-06 2.204561e-08
1.114983e+01 -1.679403e-06 -8.211558e-07
1.116056e+01 -1.344902e-07 1.025069e-06
1.117129e+01 -5.366562e-07 3.434361e-07
1.118202e+01 1.547298e-06 -6.873348e-07
1.119275e+01 -2.978711e-07 -2.542257e-06
1.120348e+01 8.323559e-07 -2.820931e-07
1.121421e+01 -4.611158e-07 -1.088044e-07
1.122494e+01 5.077670e-07 -1.335872e-07
1.123568e+01 -3.159665e-06 -1.315643e-06
1.124641e+01 4.563126e-07 -8.155808e-07
1.125714e+01 1.322287e-07 2.124724e-06
1.126787e+01 6.194815e-07 9.408373e-07
1.127860e+01 2.775868e-07 3.386555e-07
1.128933e+01 -1.412171e-06 1.001706e-06
1.130006e+01 1.546947e-06 1.101188e-06
1.131079e+01 -1.202403e-07 -2.246020e-06
1.132153e+01 -4.431420e-07 -5.714066e-07
1.133226e+01 1.321142e-06 1.654406e-08
1.134299e+01 -5.728681e-08 -2.068260e-07
1.135372e+01 -1.453809e-06 6.420701e-07
1.136445e+01 -1.023238e-06 -1.886411e-06
1.137518e+01 1.675383e-07 2.440309e-06
1.138591e+01 -4.548343e-07 -5.164885e-08
1.139665e+01 -1.710571e-07 1.444055e-07
1.140738e+01 -3.123371e-07 1.351064e-06
1.141811e+01 -9.273068e-07 4.523088e-07
1.142884e+01 -1.453753e-06 -6.868189e-07
1.143957e+01 8.176010e-09 1.757875e-06
1.145030e+01 2.658628e-06 -1.299639e-06
1.146103e+01 2.157101e-06 9.892337e-07
1.147176e+01 9.038131e-07 -4.781136e-07
1.148250e+01 -1.335979e-06 -3.435104e-07
1.149323e+01 1.759450e-06 -9.851935e-07
1.150396e+01 4.387077e-07 1.796042e-06
1.151469e+01 -6.142595e-07 6.565049e-08
1.152542e+01 -5.398176e-07 -1.043595e-06
1.153615e+01 1.136797e-07 1.502054e-06
1.154688e+01 1.174883e-06 -7.566134e-07
1.155761e+01 -1.972852e-06 8.749699e-07
1.156835e+01 1.438223e-06 9.382762e-09
1.157908e+01 -1.436222e-06 1.107177e-06
1.158981e+01 8.614417e-07 3.157958e-07
1.160054e+01 7.915041e-07 9.612208e-08
1.161127e+01 3.352107e-08 1.402403e-06
1.162200e+01 7.845203e-07 2.176199e-06
1.163273e+01 -5.942046e-07 4.580213e-07
1.164347e+01 -8.990985e-07 3.773512e-07
1.165420e+01 1.457077e-07 -3.322037e-06
1.166493e+01 6.653130e-07 -6.189148e-07
1.167566e+01 -1.921252e-06 8.468859e-07
1.168639e+01 -5.103143e-07 -1.751160e-07
1.169712e+01 4.628029e-08 -7.762104e-08
1.170785e+01 3.567180e-08 -1.296677e-06
1.171858e+01 1.137389e-06 4.377710e-07
1.172932e+01 5.693514e-07 1.653965e-06
1.174005e+01 -5.450565e-07 -5.270960e-07
1.175078e+01 -4.333866e-06 2.054471e-06
1.176151e+01 7.331190e-07 2.388447e-06
1.177224e+01 -3.581291e-06 -2.297975e-06
1.178297e+01 -7.911795e-07 1.426680e-06
1.179370e+01 -4.637028e-07 1.374854e-06
1.180443e+01 8.063514e-07 -8.955147e-07
1.181517e+01 6.007400e-07 -1.267613e-06
1.182590e+01 2.192378e-07 7.467133e-09
1.183663e+01 6.454213e-07 2.032989e-07
1.184736e+01 -3.160335e-07 2.440173e-07
1.185809e+01 1.075163e-06 2.211495e-06
1.186882e+01 2.299139e-06 -1.673737e-06
1.187955e+01 3.080354e-07 -2.283836e-06
1.189029e+01 -2.703886e-06 -1.021741e-06
1.190102e+01 1.745585e-06 4.978263e-07
1.191175e+01 1.186076e-06 3.246452e-06
1.192248e+01 1.803955e-06 2.122706e-06
1.193321e+01 -4.999583e-07 -2.228389e-06
1.194394e+01 -1.032080e-06 -6.830375e-07
1.195467e+01 -1.382149e-06 -2.307022e-07
1.196540e+01 5.008792e-07 3.132704e-06
1.197614e+01 -2.153419e-06 5.036297e-07
1.198687e+01 -7.712513e-07 -1.115331e-06
1.199760e+01 3.554244e-06 -1.331669e-06
1.200833e+01 -1.309134e-06 1.428089e-07
1.201906e+01 6.618623e-08 2.556259e-06
1.202979e+01 1.060301e-06 1.091701e-06
1.204052e+01 5.939405e-07 1.636222e-06
1.205125e+01 6.351330e-08 -2.130766e-06
1.206199e+01 2.030146e-06 -1.387111e-06
1.207272e+01 1.508877e-06 -1.571111e-06
1.208345e+01 -2.686682e-07 -4.087253e-08
1.209418e+01 -8.608710e-07 -2.406038e-06
1.210491e+01 -2.699444e-06 2.922200e-07
1.211564e+01 1.397691e-06 6.788346e-07
1.212637e+01 -2.695623e-07 -7.268550e-08
1.213711e+01 1.023911e-06 2.007613e-06
1.214784e+01 -9.627454e-07 1.549582e-06
1.215857e+01 2.231147e-06 2.395047e-06
1.216930e+01 -2.088305e-06 -7.771273e-07
1.218003e+01 -1.602293e-06 2.173453e-08
1.219076e+01 3.619111e-07 2.998663e-07
1.220149e+01 1.048644e-06 8.945982e-07
1.221222e+01 -1.470537e-06 3.082019e-06
1.222296e+01 3.820980e-07 4.262127e-07
1.223369e+01 -1.054157e-06 -6.547740e-07
1.224442e+01 4.396084e-07 1.019559e-06
1.225515e+01 -8.416470e-07 6.057710e-07
1.226588e+01 -8.985030e-07 -1.067370e-06
1.227661e+01 1.269571e-06 5.709427e-07
1.228734e+01 -1.454069e-06 2.781376e-06
1.229807e+01 -2.651157e-06 -1.243766e-06
1.230881e+01 -2.462872e-07 1.502709e-06
1.231954e+01 -3.009553e-06 1.316995e-06
1.233027e+01 2.942903e-06 -5.018569e-08
1.234100e+01 -1.019221e-06 5.269608e-07
1.235173e+01 -3.710057e-08 -4.917807e-07
1.236246e+01 -2.012593e-06 4.265573e-06
1.237319e+01 8.603345e-07 1.377252e-07
1.238393e+01 4.193807e-07 3.149051e-07
1.239466e+01 -1.709095e-06 -1.142428e-07
1.240539e+01 2.862845e-07 -1.735776e-06
1.241612e+01 -9.524595e-07 5.695137e-07
1.242685e+01 -2.380272e-06 6.377535e-07
1.243758e+01 3.815965e-07 1.850708e-06
1.244831e+01 2.263659e-06 5.582843e-07
1.245904e+01 -4.134770e-06 3.094752e-06
1.246978e+01 3.642940e-06 -1.621225e-06
1.248051e+01 1.095852e-06 1.834283e-06
1.249124e+01 1.971992e-06 -1.327779e-06
1.250197e+01 -1.857768e-06 2.200244e-06
1.251270e+01 -3.232279e-06 1.240515e-06
1.252343e+01 6.554054e-07 -2.167773e-06
1.253416e+01 2.926281e-06 3.877796e-06
1.254489e+01 -3.710895e-06 -9.067686e-07
1.255563e+01 4.575940e-06 -1.615494e-06
1.256636e+01 2.498610e-06 2.478331e-06
1.257709e+01 -3.061714e-06 2.385806e-06
1.258782e+01 -2.483735e-06 -2.010586e-06
1.259855e+01 -1.069464e-06 -2.766122e-06
1.260928e+01 1.441165e-06 1.449137e-06
1.262001e+01 2.199702e-06 5.288887e-07
1.263075e+01 1.667137e-07 2.434297e-07
1.264148e+01 -1.389513e-06 -1.293027e-06
1.265221e+01 -8.201780e-07 -1.167370e-06
1.266294e+01 9.002776e-07 -3.293489e-07
1.267367e+01 -1.714392e-06 5.070306e-07
1.268440e+01 -2.079496e-06 6.086515e-07
1.269513e+01 6.522523e-07 2.455942e-06
1.270586e+01 -1.888625e-06 1.341343e-06
1.271660e+01 -1.282805e-06 8.475547e-07
1.272733e+01 -7.291604e-07 -2.119691e-06
1.273806e+01 -2.332252e-06 -4.690231e-09
1.274879e+01 3.805508e-07 -7.090254e-07
1.275952e+01 2.430340e-06 1.171074e-07
1.277025e+01 -2.855659e-07 1.131264e-06
1.278098e+01 -2.115549e-06 2.910937e-06
1.279171e+01 -7.610641e-07 4.611279e-06
1.280245e+01 -3.493143e-06 5.329383e-06
1.281318e+01 -8.374265e-06 2.893464e-06
1.282391e+01 -8.028385e-06 -1.963650e-06
1.283464e+01 -6.562674e-06 -5.963743e-06
1.284537e+01 -2.517835e-06 -8.465584e-06
1.285610e+01 -5.864105e-07 -4.047976e-06
1.286683e+01 -3.557147e-08 -4.884574e-06
1.287757e+01 -2.264791e-06 -3.961125e-06
1.288830e+01 3.916475e-08 -2.202303e-06
1.289903e+01 -1.310998e-06 -1.795663e-06
1.290976e+01 -1.010707e-06 -2.307085e-06
1.292049e+01 9.733349e-07 -2.485853e-06
1.293122e+01 9.628084e-07 -3.738242e-06
1.294195e+01 5.228118e-07 -1.835990e-06
1.295268e+01 1.953517e-06 -1.928439e-06
1.296342e+01 2.500454e-06 -1.192732e-06
1.297415e+01 1.316337e-07 4.210289e-07
1.298488e+01 2.606242e-07 -1.796138e-06
1.299561e+01 1.199420e-06 -1.456339e-06
1.300634e+01 -2.328251e-07 -2.955459e-06
1.301707e+01 3.442815e-07 -1.256722e-06
1.302780e+01 1.670336e-06 -1.417140e-06
1.303853e+01 1.582734e-06 -5.895636e-07
1.304927e+01 1.144071e-06 -1.874385e-06
1.306000e+01 1.715766e-06 -6.695933e-07
1.307073e+01 -7.185171e-07 -2.884770e-06
1.308146e+01 -3.568700e-07 -8.970739e-07
1.309219e+01 -7.124607e-07 -1.998199e-06
1.310292e+01 9.852237e-07 6.665054e-07
1.311365e+01 3.884983e-07 1.087528e-06
1.312439e+01 -2.198700e-06 -5.675396e-07
1.313512e+01 7.446551e-08 6.230164e-07
1.314585e+01 4.121074e-07 -2.352508e-07
1.315658e+01 1.653358e-06 -2.468891e-06
1.316731e+01 -4.186069e-07 1.012217e-06
1.317804e+01 -1.390052e-06 3.347912e-07
1.318877e+01 -1.877391e-06 -9.690895e-07
1.319950e+01 2.279147e-07 6.599103e-07
1.321024e+01 1.862979e-06 2.835463e-08
1.322097e+01 3.750170e-06 -2.939114e-07
1.323170e+01 1.630227e-06 2.715903e-07
1.324243e+01 6.719542e-07 -1.953184e-07
1.325316e+01 -3.079451e-06 -1.979212e-06
1.326389e+01 -2.556295e-06 -1.414959e-06
1.327462e+01 -2.005415e-06 -3.224096e-08
1.328535e+01 3.155412e-08 -2.045703e-08
1.329609e+01 -2.105108e-07 -1.381419e-06
1.330682e+01 -2.439157e-06 -6.908720e-07
1.331755e+01 -1.934341e-07 -2.306624e-06
1.332828e+01 -3.775991e-07 1.912325e-06
1.333901e+01 1.267248e-06 1.671881e-06
1.334974e+01 1.018983e-07 8.177409e-07
1.336047e+01 -4.681127e-07 -8.655543e-07
1.337121e+01 1.851793e-06 2.083317e-06
1.338194e+01 -2.129176e-06 1.850502e-06
1.339267e+01 -7.065291e-07 -5.143346e-07
1.340340e+01 7.419307e-07 3.856509e-07
1.341413e+01 8.137154e-07 1.543792e-06
1.342486e+01 4.398839e-07 3.206966e-06
1.343559e+01 1.831756e-07 -1.283066e-06
1.344632e+01 3.247324e-08 3.323364e-06
1.345706e+01 -3.732871e-08 3.988400e-06
1.346779e+01 -1.907788e-06 -1.913827e-06
1.347852e+01 3.923567e-06 1.962903e-06
1.348925e+01 -2.183798e-06 1.121972e-06
1.349998e+01 2.837972e-06 3.654274e-07
1.351071e+01 8.926384e-08 -1.410327e-07
1.352144e+01 -2.147201e-07 2.828780e-06
1.353217e+01 2.848933e-06 -2.908650e-06
1.354291e+01 2.617628e-06 -1.090387e-06
1.355364e+01 2.250593e-07 -1.335837e-06
1.356437e+01 -7.071079e-07 2.753840e-07
1.357510e+01 -1.613053e-06 -5.073925e-07
1.358583e+01 3.833131e-07 -2.382577e-06
1.359656e+01 6.686656e-09 2.466289e-07
1.360729e+01 -3.603009e-06 -2.555458e-06
1.361803e+01 2.450782e-06 2.619233e-07
1.362876e+01 2.312504e-07 -6.784338e-08
1.363949e+01 -2.810559e-07 -8.643290e-07
1.365022e+01 1.827672e-07 3.338997e-07
1.366095e+01 1.892082e-06 -2.697048e-08
1.367168e+01 -3.086083e-08 -1.426265e-06
1.368241e+01 1.571532e-07 -4.440203e-07
1.369314e+01 3.557874e-07 7.080140e-07
1.370388e+01 5.327018e-06 1.496925e-06
1.371461e+01 -1.505722e-06 1.333513e-06
1.372534e+01 -5.572697e-07 -2.378740e-06
1.373607e+01 8.185572e-07 8.242381e-07
1.374680e+01 -6.546760e-07 -2.432070e-07
1.375753e+01 8.545883e-07 -4.033306e-07
1.376826e+01 1.140368e-06 -9.032110e-07
1.377899e+01 -1.408923e-06 3.930798e-06
1.378973e+01 -3.461245e-06 -7.992456e-07
1.380046e+01 1.909404e-06 -1.572028e-06
1.381119e+01 -4.573600e-08 -6.322679e-07
1.382192e+01 -1.254634e-08 -1.535889e-06
1.383265e+01 5.112294e-07 -1.656627e-06
1.384338e+01 -1.250829e-07 7.407964e-07
1.385411e+01 -8.829298e-07 -3.951008e-07
1.386485e+01 1.437325e-06 2.712765e-06
1.387558e+01 -4.212125e-07 -9.478038e-07
1.388631e+01 1.113131e-08 5.146343e-07
1.389704e+01 -2.895401e-06 1.815855e-06
1.390777e+01 -4.183333e-06 1.952448e-06
1.391850e+01 -3.277022e-07 -2.184621e-06
1.392923e+01 3.820539e-06 1.388636e-08
1.393996e+01 1.274165e-06 1.124794e-06
1.395070e+01 8.817507e-07 -5.204002e-07
1.396143e+01 -4.324971e-07 -3.769797e-06
1.397216e+01 -1.578406e-06 -2.130474e-06
1.398289e+01 1.395908e-06 -3.886314e-06
1.399362e+01 -2.856963e-07 -4.573742e-07
1.400435e+01 3.777227e-07 1.254374e-06
1.401508e+01 -2.008671e-06 -5.497513e-07
1.402581e+01 1.119480e-06 2.768842e-07
1.403655e+01 -5.578030e-08 8.541773e-07
1.404728e+01 -7.967478e-07 2.834427e-06
1.405801e+01 -9.651390e-07 1.500691e-06
1.406874e+01 -3.831032e-07 2.716545e-08
1.407947e+01 8.191172e-07 1.628108e-06
1.409020e+01 1.521544e-06 4.258725e-07
1.410093e+01 -8.778617e-07 1.106626e-06
1.411167e+01 1.551408e-06 -4.195328e-07
1.412240e+01 1.906217e-06 4.164799e-07
1.413313e+01 1.161570e-06 1.894423e-07
1.414386e+01 1.735728e-06 -5.743791e-07
1.415459e+01 1.158238e-06 -2.057325e-06
1.416532e+01 2.488196e-06 -2.497520e-06
1.417605e+01 -3.093108e-06 -1.407273e-06
1.418678e+01 -6.754447e-07 -1.197778e-06
1.419752e+01 -1.094729e-06 -1.313306e-06
1.420825e+01 3.980291e-07 7.641995e-07
1.421898e+01 1.412532e-06 -2.079591e-06
1.422971e+01 2.273183e-06 3.466042e-07
1.424044e+01 -1.009783e-06 -3.442201e-07
1.425117e+01 -8.352386e-07 -5.060040e-07
1.426190e+01 -2.271541e-07 -2.250349e-07
1.427263e+01 -1.293111e-06 -1.682773e-06
1.428337e+01 -1.091865e-06 -7.747587e-07
1.429410e+01 -7.221205e-07 -2.975871e-07
1.430483e+01 -2.350168e-06 -4.389411e-07
1.431556e+01 -1.456304e-06 -1.214302e-07
1.432629e+01 -1.773666e-06 1.632931e-06
1.433702e+01 -7.603680e-08 5.767716e-08
1.434775e+01 -3.100879e-06 -4.602901e-07
1.435849e+01 2.576941e-06 1.365109e-06
1.436922e+01 -1.105765e-06 1.926687e-07
1.437995e+01 2.498306e-08 3.625846e-07
1.439068e+01 2.232339e-06 -1.728564e-06
1.440141e+01 1.572138e-06 7.189040e-07
1.441214e+01 -1.767627e-06 4.078522e-07
1.442287e+01 2.336447e-06 -1.028801e-06
1.443360e+01 -5.205487e-08 2.841959e-07
1.444434e+01 -5.308151e-07 -8.162081e-07
1.445507e+01 -1.511988e-06 -5.977725e-07
1.446580e+01 -7.622704e-07 -2.298676e-06
1.447653e+01 -1.214165e-07 3.528661e-07
1.448726e+01 8.641851e-07 -1.254039e-06
1.449799e+01 -5.629486e-07 -1.709438e-06
1.450872e+01 2.603529e-07 -1.044198e-06
1.451945e+01 -6.523785e-07 1.188981e-06
1.453019e+01 1.652650e-06 -3.341150e-07
1.454092e+01 -1.091642e-06 2.162956e-06
1.455165e+01 3.100529e-06 1.204425e-07
1.456238e+01 -2.611074e-07 1.716161e-06
1.457311e+01 6.803703e-07 -1.085273e-06
1.458384e+01 -9.845541e-07 -2.022057e-07
1.459457e+01 -7.938414e-07 -1.252690e-06
1.460531e+01 4.550841e-07 -2.184791e-06
1.461604e+01 3.641318e-06 -2.582687e-07
1.462677e+01 -1.173185e-06 -7.473880e-07
1.463750e+01 8.628745e-07 -7.807513e-07
1.464823e+01 -1.410923e-06 1.285812e-06
1.465896e+01 -1.401228e-06 2.266780e-07
1.466969e+01 1.939913e-06 -1.112858e-06
1.468042e+01 -6.059644e-07 9.012520e-07
1.469116e+01 -9.627655e-07 3.815306e-07
1.470189e+01 4.573278e-07 2.642002e-07
1.471262e+01 6.777290e-07 -7.613709e-07
1.472335e+01 1.960356e-06 4.255993e-08
1.473408e+01 -1.007410e-06 -3.713155e-07
1.474481e+01 1.495826e-06 -1.684712e-06
1.475554e+01 -4.652285e-07 1.310821e-06
1.476627e+01 -1.203513e-06 -4.870514e-07
1.477701e+01 -2.116391e-06 -2.455841e-07
1.478774e+01 -1.067336e-06 1.633691e-06
1.479847e+01 -8.913160e-07 -1.625708e-07
1.480920e+01 -8.611583e-07 -2.187951e-06
1.481993e+01 8.262435e-07 1.793327e-06
1.483066e+01 -2.014180e-06 -1.306525e-06
1.484139e+01 -2.527065e-07 -1.966898e-06
1.485213e+01 4.293308e-07 -3.786579e-08
1.486286e+01 6.134424e-07 -5.419836e-07
1.487359e+01 9.823301e-07 -1.462139e-06
1.488432e+01 1.532773e-06 -3.616292e-06
1.489505e+01 -4.285276e-07 2.607817e-07
1.490578e+01 1.450900e-06 1.452564e-06
1.491651e+01 -1.327377e-07 6.031217e-07
1.492724e+01 1.026212e-06 1.052050e-06
1.493798e+01 -1.043905e-06 9.963042e-07
1.494871e+01 -1.905665e-07 2.152589e-06
1.495944e+01 -9.294293e-07 -2.110292e-07
1.497017e+01 2.771872e-07 5.051146e-07
1.498090e+01 -1.019551e-06 -9.997321e-07
1.499163e+01 -5.245952e-08 -1.077004e-06
1.500236e+01 1.728548e-06 1.316352e-07
1.501309e+01 -1.339656e-06 1.590237e-06
1.502383e+01 -5.496156e-07 1.639129e-07
1.503456e+01 -1.560539e-07 -1.692758e-06
1.504529e+01 2.168279e-06 7.205227e-07
1.505602e+01 1.679375e-06 -3.879213e-06
1.506675e+01 4.924533e-08 1.500180e-06
1.507748e+01 2.429619e-07 2.140064e-07
1.508821e+01 -5.372990e-07 -1.260808e-06
1.509895e+01 2.883750e-08 -4.345120e-07
1.510968e+01 -1.237096e-06 -1.229872e-06
1.512041e+01 7.464100e-07 3.257079e-07
1.513114e+01 -2.097676e-07 -5.735115e-07
1.514187e+01 1.373125e-07 -1.367204e-06
1.515260e+01 6.639947e-07 7.484673e-07
1.516333e+01 1.712335e-07 -9.450502e-07
1.517406e+01 -1.120193e-06 -6.708605e-07
1.518480e+01 -1.442874e-06 -1.976869e-06
1.519553e+01 1.997680e-06 -7.708557e-07
1.520626e+01 -4.313129e-07 6.775299e-07
1.521699e+01 4.477532e-07 -7.076530e-07
1.522772e+01 8.617890e-07 -3.566332e-07
1.523845e+01 7.685175e-07 -1.196413e-06
1.524918e+01 1.504413e-06 -1.006816e-06
1.525991e+01 2.804438e-06 2.261568e-06
1.527065e+01 8.321514e-07 3.004926e-07
1.528138e+01 9.924831e-07 3.379765e-07
1.529211e+01 1.059213e-06 -6.067660e-07
1.530284e+01 2.963815e-07 7.784695e-07
1.531357e+01 3.169625e-06 2.065066e-06
1.532430e+01 -2.212163e-06 -6.368534e-07
1.533503e+01 1.555785e-08 2.759699e-07
1.534577e+01 8.371142e-07 2.148912e-06
1.535650e+01 -5.494195e-07 -4.953527e-07
1.536723e+01 -8.187636e-08 4.312438e-07
1.537796e+01 -2.062725e-06 3.510417e-07
1.538869e+01 -7.181108e-08 -1.383835e-06
1.539942e+01 5.483196e-07 1.272184e-06
1.541015e+01 4.810144e-07 1.802296e-07
1.542088e+01 -5.740510e-07 1.762744e-06
1.543162e+01 1.598667e-06 -1.627097e-06
1.544235e+01 7.435639e-07 5.654192e-07
1.545308e+01 4.263466e-07 -6.161350e-07
1.546381e+01 1.617264e-06 3.123968e-07
1.547454e+01 5.988126e-08 1.704367e-06
1.548527e+01 -1.657417e-07 -2.453136e-06
1.549600e+01 9.395408e-07 -2.778279e-07
1.550673e+01 -1.736607e-06 -3.036799e-06
1.551747e+01 3.772552e-06 1.040374e-06
1.552820e+01 2.146069e-06 4.844234e-07
1.553893e+01 6.864671e-07 7.079235e-07
1.554966e+01 -9.073306e-07 8.944827e-07
1.556039e+01 1.685189e-06 -6.629588e-07
1.557112e+01 -1.708227e-06 -1.588138e-06
1.558185e+01 7.921631e-07 1.063123e-06
1.559259e+01 2.018971e-06 7.105929e-07
1.560332e+01 1.217062e-06 -1.673580e-06
1.561405e+01 7.454070e-07 -1.821021e-06
1.562478e+01 4.221629e-08 9.968754e-07
1.563551e+01 -1.917957e-06 -1.749959e-06
1.564624e+01 6.556512e-07 -2.081946e-06
1.565697e+01 8.039040e-07 -2.334426e-06
1.566770e+01 5.736984e-07 5.164327e-07
1.567844e+01 -3.869412e-06 -5.580628e-07
1.568917e+01 9.312087e-07 -1.127070e-06
1.569990e+01 1.228685e-06 1.206655e-06
1.571063e+01 -3.192052e-06 1.841820e-06
1.572136e+01 2.305075e-07 -1.709326e-06
1.573209e+01 8.619679e-07 -8.922468e-07
1.574282e+01 1.442961e-06 1.867941e-06
1.575355e+01 5.859762e-07 -6.442495e-07
1.576429e+01 -2.590066e-06 -8.203466e-07
1.577502e+01 -2.167670e-06 1.676676e-07
1.578575e+01 3.796263e-06 -1.017486e-06
1.579648e+01 7.453794e-07 -1.116105e-06
1.580721e+01 4.535495e-07 1.105162e-06
1.581794e+01 -4.246717e-07 1.953973e-07
1.582867e+01 -5.725197e-07 -8.433730e-07
1.583941e+01 -2.924839e-06 -1.933518e-06
1.585014e+01 1.208175e-06 -2.990120e-07
1.586087e+01 7.330553e-07 1.555334e-06
1.587160e+01 2.384811e-07 -2.583808e-06
1.588233e+01 9.517527e-08 6.348199e-07
1.589306e+01 -2.940911e-06 -5.011839e-07
1.590379e+01 3.316413e-07 -1.030036e-07
1.591452e+01 -4.135850e-07 -2.365399e-06
1.592526e+01 1.771763e-06 -1.750217e-06
1.593599e+01 1.913962e-06 2.754136e-06
1.594672e+01 -8.404895e-07 2.095897e-06
1.595745e+01 -3.371351e-07 1.208389e-06
1.596818e+01 -2.148248e-06 2.192290e-06
1.597891e+01 -2.406065e-06 1.159054e-06
1.598964e+01 -6.540353e-07 -2.784164e-06
1.600037e+01 4.671215e-07 -1.377006e-06
1.601111e+01 1.659881e-06 -6.319592e-06
1.602184e+01 4.824686e-06 -2.276648e-06
1.603257e+01 3.216449e-06 -1.585834e-06
1.604330e+01 3.850556e-06 -1.213195e-06
1.605403e+01 2.579779e-07 -4.036631e-07
1.606476e+01 3.133186e-06 -5.488883e-08
1.607549e+01 -1.961691e-06 -3.094272e-07
