0.000000e+00 1.823501e-02 0.000000e+00
1.073130e-02 2.091952e-04 3.551082e-04
2.146261e-02 1.593565e-04 1.858536e-04
3.219391e-02 1.681230e-05 1.558642e-04
4.292522e-02 -1.785490e-05 9.928706e-05
5.365652e-02 -3.640822e-05 8.848429e-05
6.438783e-02 -2.854530e-05 4.515137e-05
7.511913e-02 -1.064492e-05 -2.869675e-06
8.585043e-02 -1.168686e-07 6.341801e-06
9.658174e-02 2.608739e-05 3.313954e-05
1.073130e-01 1.107418e-05 5.190138e-05
1.180443e-01 2.967037e-05 2.068195e-05
1.287757e-01 3.334484e-05 -3.360150e-05
1.395070e-01 -1.018356e-05 4.451734e-05
1.502383e-01 -1.983072e-05 1.098126e-05
1.609696e-01 3.230084e-05 -1.518610e-06
1.717009e-01 2.879202e-05 -1.714158e-06
1.824322e-01 -5.767345e-06 4.817096e-05
1.931635e-01 3.551172e-05 9.486262e-06
2.038948e-01 -7.113141e-06 1.180561e-05
2.146261e-01 1.179638e-06 1.429237e-06
2.253574e-01 -9.465907e-06 1.881736e-05
2.360887e-01 1.058317e-05 -1.699844e-05
2.468200e-01 -2.974284e-06 9.362122e-06
2.575513e-01 -1.348640e-05 2.878520e-05
2.682826e-01 1.405522e-05 1.417163e-05
2.790139e-01 2.952937e-05 2.075407e-05
2.897452e-01 5.613965e-06 -1.152607e-05
3.004765e-01 1.440134e-05 -5.722645e-06
3.112078e-01 -2.187728e-06 -6.150882e-06
3.219391e-01 -9.437149e-06 -3.678263e-06
3.326704e-01 1.242033e-05 7.409520e-06
3.434017e-01 -2.100227e-05 8.057229e-06
3.541330e-01 -4.701354e-06 2.136006e-06
3.648643e-01 -2.168690e-05 9.070943e-06
3.755957e-01 -6.946763e-06 2.602502e-05
3.863270e-01 9.153569e-06 1.045450e-05
3.970583e-01 1.554295e-06 6.732064e-06
4.077896e-01 8.496781e-06 1.288561e-05
4.185209e-01 1.158630e-05 6.074010e-06
4.292522e-01 3.460282e-06 -1.325702e-05
4.399835e-01 1.327612e-06 -2.932625e-05
4.507148e-01 6.954432e-06 -1.477823e-05
4.614461e-01 -1.344356e-05 -2.176843e-05
4.721774e-01 -8.876144e-06 1.344699e-05
4.829087e-01 -1.767977e-05 2.031941e-05
4.936400e-01 1.756462e-05 6.309813e-06
5.043713e-01 1.620587e-05 1.199147e-05
5.151026e-01 5.067196e-06 2.066013e-05
5.258339e-01 3.794728e-06 -1.414687e-05
5.365652e-01 -2.085506e-05 1.838919e-05
5.472965e-01 -4.041040e-05 1.094990e-06
5.580278e-01 4.255428e-06 2.247042e-05
5.687591e-01 6.116970e-06 4.799719e-05
5.794904e-01 -3.742396e-06 -3.815101e-06
5.902217e-01 1.840279e-05 3.192088e-05
6.009530e-01 5.526314e-06 -3.155128e-05
6.116843e-01 1.980113e-07 -1.770297e-05
6.224157e-01 -3.743583e-05 -6.857330e-06
6.331470e-01 -3.130205e-06 3.186478e-06
6.438783e-01 -3.357760e-05 1.818330e-05
6.546096e-01 1.235549e-05 1.042409e-05
6.653409e-01 -9.522715e-06 -2.840919e-05
6.760722e-01 -2.683574e-06 -2.497249e-06
6.868035e-01 -1.349139e-05 -1.831084e-05
6.975348e-01 -6.787990e-05 1.215001e-05
7.082661e-01 1.894858e-05 5.881905e-05
7.189974e-01 7.812481e-06 -1.374192e-05
7.297287e-01 4.935506e-05 2.675434e-05
7.404600e-01 -4.932069e-05 -5.631228e-05
7.511913e-01 -2.437563e-05 3.574899e-05
7.619226e-01 -1.536291e-05 -8.356657e-06
7.726539e-01 -2.344078e-05 2.497998e-05
7.833852e-01 -3.682364e-06 3.965968e-05
7.941165e-01 -1.184490e-05 2.891944e-05
8.048478e-01 -1.590494e-05 2.089643e-05
8.155791e-01 -3.472217e-06 7.680229e-05
8.263104e-01 3.646652e-06 1.581708e-05
8.370417e-01 1.284590e-05 1.814307e-05
8.477730e-01 -8.341846e-06 1.793346e-05
8.585043e-01 3.874062e-05 1.967279e-05
8.692357e-01 8.806567e-07 -8.129808e-07
8.799670e-01 1.091082e-05 -1.123612e-05
8.906983e-01 3.911623e-05 -1.447205e-06
9.014296e-01 7.068234e-06 1.675051e-05
9.121609e-01 -1.720185e-05 -3.408664e-05
9.228922e-01 1.411141e-05 -6.892383e-06
9.336235e-01 1.229144e-05 -2.980234e-06
9.443548e-01 2.256829e-06 -1.704380e-05
9.550861e-01 -2.252114e-05 -2.005488e-06
9.658174e-01 -1.328061e-05 -1.225471e-05
9.765487e-01 -5.603486e-05 -2.512457e-05
9.872800e-01 -1.236637e-05 -3.328220e-06
9.980113e-01 1.597642e-05 2.813056e-05
1.008743e+00 2.588670e-06 3.344580e-05
1.019474e+00 1.555468e-05 3.661770e-05
1.030205e+00 2.262041e-06 1.378178e-05
1.040937e+00 3.065292e-05 8.515416e-06
1.051668e+00 4.386125e-06 -1.731342e-05
1.062399e+00 -1.255031e-05 1.370546e-05
1.073130e+00 1.352169e-06 -4.828224e-06
1.083862e+00 -1.375748e-05 -1.698696e-05
1.094593e+00 3.503579e-05 -1.776582e-05
1.105324e+00 -1.877760e-06 7.544614e-06
1.116056e+00 2.718414e-05 9.209367e-06
1.126787e+00 -1.339053e-05 3.475385e-05
1.137518e+00 -1.219414e-05 -7.895185e-06
1.148250e+00 2.892578e-05 -1.488050e-05
1.158981e+00 -5.489797e-06 2.751529e-05
1.169712e+00 1.825893e-05 -1.927264e-06
1.180443e+00 1.687477e-05 2.270675e-06
1.191175e+00 -8.174323e-06 8.415005e-06
1.201906e+00 -1.579006e-05 -1.295865e-05
1.212637e+00 1.627612e-05 -1.285618e-05
1.223369e+00 -8.221823e-06 1.653891e-05
1.234100e+00 -2.746737e-06 7.599007e-07
1.244831e+00 8.196448e-06 7.289937e-06
1.255563e+00 4.083626e-08 2.589869e-06
1.266294e+00 -6.486153e-06 2.045532e-05
1.277025e+00 1.013317e-05 -4.171824e-06
1.287757e+00 1.744547e-05 3.723246e-06
1.298488e+00 7.767410e-06 -3.946356e-06
1.309219e+00 7.453159e-06 2.574758e-05
1.319950e+00 -2.276678e-06 -8.754680e-06
1.330682e+00 1.164460e-05 -5.038279e-06
1.341413e+00 6.444349e-06 -7.070560e-06
1.352144e+00 -8.870729e-06 7.085834e-06
1.362876e+00 -5.461860e-06 7.482830e-06
1.373607e+00 3.214508e-06 -1.063733e-05
1.384338e+00 -7.840390e-06 1.013475e-05
1.395070e+00 1.189893e-05 6.667859e-06
1.405801e+00 -1.972834e-06 3.949473e-06
1.416532e+00 -2.644481e-06 1.462738e-05
1.427263e+00 -6.073632e-07 3.692771e-06
1.437995e+00 1.122015e-05 -5.738452e-07
1.448726e+00 8.295401e-06 3.719251e-06
1.459457e+00 3.172021e-06 1.873338e-07
1.470189e+00 1.629677e-05 2.190381e-06
1.480920e+00 6.617797e-06 3.493103e-07
1.491651e+00 -5.279107e-06 -2.355781e-06
1.502383e+00 -3.832680e-07 -3.317242e-07
1.513114e+00 -1.828908e-06 -7.267822e-06
1.523845e+00 1.783613e-06 -5.111190e-07
1.534577e+00 6.101978e-06 8.950235e-07
1.545308e+00 -7.058537e-06 -2.216615e-06
1.556039e+00 -6.635119e-06 -2.042124e-06
1.566770e+00 -2.232575e-06 -1.890046e-06
1.577502e+00 -2.764668e-07 -7.124676e-06
1.588233e+00 -3.880714e-06 1.530100e-06
1.598964e+00 7.878551e-07 8.634029e-06
1.609696e+00 -5.902126e-06 2.866326e-06
1.620427e+00 2.059536e-06 2.041830e-06
1.631158e+00 -3.315508e-06 -2.140379e-06
1.641890e+00 -5.268942e-06 4.301519e-06
1.652621e+00 -2.844071e-06 2.528000e-06
1.663352e+00 -5.424543e-06 1.610467e-06
1.674083e+00 1.766450e-06 4.677673e-06
1.684815e+00 -4.169278e-07 -2.218414e-07
1.695546e+00 -4.427578e-06 -4.933654e-07
1.706277e+00 -8.275407e-07 4.481607e-06
1.717009e+00 -2.821632e-06 4.622877e-07
1.727740e+00 1.790301e-06 6.202977e-06
1.738471e+00 7.573137e-07 9.733937e-08
1.749203e+00 1.741734e-06 -2.089213e-06
1.759934e+00 -2.264846e-07 8.189770e-06
1.770665e+00 2.760201e-06 5.743630e-06
1.781397e+00 3.673924e-07 4.530348e-06
1.792128e+00 3.534573e-06 -1.250814e-07
1.802859e+00 3.242343e-06 -3.554555e-06
1.813590e+00 3.012388e-06 1.571879e-06
1.824322e+00 1.579853e-06 -1.219799e-07
1.835053e+00 -2.596009e-07 2.294296e-07
1.845784e+00 4.761959e-07 2.396301e-07
1.856516e+00 2.839295e-06 -4.740786e-07
1.867247e+00 2.080681e-06 -3.934606e-06
1.877978e+00 2.103457e-06 4.385124e-06
1.888710e+00 -6.337901e-06 1.981818e-06
1.899441e+00 6.227507e-06 -5.686678e-06
1.910172e+00 2.734999e-06 6.318073e-06
1.920903e+00 4.208538e-06 -9.939935e-07
1.931635e+00 -2.124116e-07 2.147283e-07
1.942366e+00 2.059389e-06 2.966103e-06
1.953097e+00 -7.030158e-06 -1.298352e-06
1.963829e+00 -6.290604e-06 -5.732557e-06
1.974560e+00 6.701817e-06 6.622369e-06
1.985291e+00 -1.650491e-06 -2.913229e-06
1.996023e+00 9.647399e-06 -3.058531e-07
2.006754e+00 5.631522e-06 7.280081e-06
2.017485e+00 -7.897786e-06 -1.085476e-05
2.028217e+00 -1.495354e-06 5.214887e-06
2.038948e+00 2.578008e-06 -8.122059e-06
2.049679e+00 4.206801e-07 1.025240e-05
2.060410e+00 6.811434e-06 -4.754912e-06
2.071142e+00 -8.146361e-06 -5.652368e-06
2.081873e+00 6.869579e-06 -5.610162e-06
2.092604e+00 -1.572269e-05 -8.223551e-06
2.103336e+00 5.734584e-06 7.838785e-06
2.114067e+00 6.025594e-06 4.400509e-06
2.124798e+00 -7.777876e-06 9.555705e-06
2.135530e+00 -4.420372e-06 3.551585e-06
2.146261e+00 3.654071e-06 1.306094e-06
2.156992e+00 6.130218e-07 -2.759480e-06
2.167723e+00 -1.680101e-05 -3.963655e-06
2.178455e+00 -7.295759e-06 -5.425901e-06
2.189186e+00 7.674552e-06 7.688255e-06
2.199917e+00 9.787361e-06 6.639931e-06
2.210649e+00 2.066212e-05 4.283974e-07
2.221380e+00 4.625848e-06 1.324337e-05
2.232111e+00 4.827371e-06 7.715306e-06
2.242843e+00 -1.574286e-06 -1.678266e-05
2.253574e+00 6.308197e-06 -1.766991e-05
2.264305e+00 -1.327338e-06 3.953075e-06
2.275037e+00 -2.393829e-06 -1.824558e-06
2.285768e+00 4.546075e-06 -1.503907e-06
2.296499e+00 -2.643203e-07 -6.324752e-06
2.307230e+00 7.761773e-06 7.249712e-06
2.317962e+00 -1.472103e-05 2.095858e-06
2.328693e+00 2.106852e-06 -1.070795e-06
2.339424e+00 2.364162e-06 -1.499235e-05
2.350156e+00 -6.029655e-06 1.612496e-06
2.360887e+00 -4.244977e-06 -1.232680e-05
2.371618e+00 -4.671359e-06 -4.515190e-06
2.382350e+00 -1.697318e-05 -6.785780e-06
2.393081e+00 2.703189e-06 6.769940e-06
2.403812e+00 -2.366889e-05 -1.356423e-05
2.414543e+00 -4.562491e-06 1.154616e-05
2.425275e+00 4.157444e-06 9.934010e-06
2.436006e+00 2.786723e-06 5.798217e-06
2.446737e+00 3.959580e-06 7.331026e-07
2.457469e+00 -1.125009e-05 -7.183844e-06
2.468200e+00 2.627824e-06 5.920185e-06
2.478931e+00 -3.680635e-06 -2.662202e-06
2.489663e+00 7.829347e-06 1.990901e-05
2.500394e+00 8.057878e-06 3.229731e-06
2.511125e+00 1.009180e-05 -9.967167e-07
2.521857e+00 -7.763096e-06 7.407357e-08
2.532588e+00 4.342650e-06 1.987272e-06
2.543319e+00 9.014313e-07 1.771985e-05
2.554050e+00 7.937147e-06 1.488375e-06
2.564782e+00 2.744905e-06 -8.549040e-07
2.575513e+00 2.444969e-06 -7.558645e-07
2.586244e+00 3.419599e-06 6.588430e-07
2.596976e+00 1.258809e-06 -2.082953e-06
2.607707e+00 -7.597582e-06 -2.836493e-06
2.618438e+00 -6.975116e-06 8.880255e-06
2.629170e+00 4.592374e-06 4.681890e-06
2.639901e+00 5.922513e-06 -4.933876e-06
2.650632e+00 7.866879e-07 4.470495e-06
2.661363e+00 1.059844e-06 1.581760e-06
2.672095e+00 2.275290e-06 2.455814e-07
2.682826e+00 -1.900545e-06 -3.819379e-06
2.693557e+00 2.201149e-06 -6.458126e-06
2.704289e+00 1.863338e-06 9.855613e-07
2.715020e+00 3.601248e-06 6.546055e-06
2.725751e+00 6.930804e-06 6.129050e-06
2.736483e+00 5.615119e-06 5.074893e-07
2.747214e+00 -1.812498e-06 -2.937848e-06
2.757945e+00 -3.496717e-07 -1.200439e-06
2.768677e+00 2.222870e-06 -3.264088e-07
2.779408e+00 -5.044480e-06 -1.770988e-06
2.790139e+00 -3.907172e-06 4.293414e-06
2.800870e+00 -9.626522e-07 -2.720414e-06
2.811602e+00 7.614813e-08 6.754229e-06
2.822333e+00 2.035597e-06 -1.275785e-07
2.833064e+00 8.297421e-06 8.648147e-06
2.843796e+00 5.501195e-06 -7.825822e-06
2.854527e+00 2.265911e-06 -1.959480e-06
2.865258e+00 2.650396e-07 -1.601681e-06
2.875990e+00 -1.899679e-06 1.479395e-06
2.886721e+00 -7.688081e-07 2.683642e-06
2.897452e+00 -3.943643e-06 -2.204646e-06
2.908183e+00 -4.220313e-06 4.297986e-06
2.918915e+00 6.050169e-06 -4.167746e-06
2.929646e+00 -4.242176e-07 -2.279844e-06
2.940377e+00 4.256984e-06 1.469381e-07
2.951109e+00 9.538859e-06 -3.944439e-07
2.961840e+00 -6.274258e-06 -1.902797e-06
2.972571e+00 3.914772e-06 -1.374253e-05
2.983303e+00 2.100247e-06 3.233622e-06
2.994034e+00 -8.044035e-07 -4.572623e-06
3.004765e+00 4.878553e-06 9.197974e-06
3.015497e+00 -6.532247e-06 -8.617310e-07
3.026228e+00 6.125330e-06 -3.786199e-06
3.036959e+00 9.817064e-06 4.715362e-06
3.047690e+00 5.653372e-06 1.464094e-05
3.058422e+00 1.713935e-05 3.586593e-07
3.069153e+00 1.302246e-05 -2.224945e-05
3.079884e+00 3.876680e-06 1.335210e-05
3.090616e+00 4.508566e-07 -3.691531e-05
3.101347e+00 1.913675e-05 6.716771e-06
3.112078e+00 -1.100667e-05 -5.851534e-05
3.122810e+00 4.382657e-05 5.567386e-05
3.133541e+00 -1.223168e-04 -3.922046e-05
3.144272e+00 6.647375e-05 2.355297e-05
3.155003e+00 9.560186e-05 -4.175874e-05
3.165735e+00 -7.449170e-05 -3.910448e-05
3.176466e+00 -7.087637e-05 -2.210362e-05
3.187197e+00 -5.710837e-05 -4.140632e-05
3.197929e+00 -2.301287e-05 -3.344763e-05
3.208660e+00 8.701689e-06 -7.454421e-06
3.219391e+00 1.483607e-05 1.520787e-05
3.230123e+00 2.573850e-05 2.645417e-05
3.240854e+00 3.142559e-06 8.183515e-06
3.251585e+00 7.491528e-06 1.940229e-05
3.262317e+00 -6.380832e-06 1.471998e-05
3.273048e+00 5.473062e-06 -5.029365e-06
3.283779e+00 6.813105e-06 -9.272299e-06
3.294510e+00 -7.443387e-06 -1.161513e-06
3.305242e+00 -1.870276e-06 8.782162e-06
3.315973e+00 -2.627601e-06 9.014209e-06
3.326704e+00 -9.999656e-06 2.051384e-06
3.337436e+00 -9.021440e-06 3.480489e-07
3.348167e+00 1.196560e-06 2.333490e-06
3.358898e+00 -4.501382e-06 7.446618e-06
3.369630e+00 -7.129004e-06 9.597394e-06
3.380361e+00 2.234299e-06 7.133302e-06
3.391092e+00 2.966266e-06 2.198373e-06
3.401823e+00 -4.991566e-07 1.676048e-07
3.412555e+00 -2.888526e-06 -5.164998e-06
3.423286e+00 -2.896012e-06 1.146668e-05
3.434017e+00 -1.835522e-06 -2.969312e-06
3.444749e+00 2.036499e-06 8.360844e-06
3.455480e+00 2.206520e-06 -1.699257e-06
3.466211e+00 -3.894810e-06 4.483601e-06
3.476943e+00 -1.014302e-06 9.851746e-06
3.487674e+00 -2.609865e-06 5.483529e-06
3.498405e+00 9.310199e-06 4.782072e-06
3.509137e+00 5.265329e-06 -1.082947e-06
3.519868e+00 9.848723e-06 8.800888e-06
3.530599e+00 3.668978e-06 -5.182004e-06
3.541330e+00 -1.876032e-06 4.643110e-06
3.552062e+00 7.839951e-06 -3.945174e-06
3.562793e+00 -2.541126e-06 -9.623075e-07
3.573524e+00 -2.986012e-06 3.328664e-06
3.584256e+00 -5.240648e-06 3.137231e-06
3.594987e+00 -2.721185e-06 5.935142e-06
3.605718e+00 -1.132377e-07 7.774400e-06
3.616450e+00 -2.447176e-06 1.668162e-06
3.627181e+00 8.530485e-06 8.038414e-06
3.637912e+00 4.003950e-06 6.842080e-06
3.648643e+00 3.925717e-06 -5.031053e-06
3.659375e+00 3.940192e-06 -3.278931e-06
3.670106e+00 1.246928e-06 -8.108531e-06
3.680837e+00 -3.934659e-06 -3.165226e-06
3.691569e+00 -4.321625e-06 5.519574e-06
3.702300e+00 -6.597569e-06 -7.089328e-06
3.713031e+00 2.340263e-06 4.651233e-06
3.723763e+00 -7.121107e-06 3.147449e-06
3.734494e+00 8.749566e-07 2.726296e-06
3.745225e+00 -2.258888e-06 -7.315126e-07
3.755957e+00 3.801191e-06 -7.539940e-08
3.766688e+00 -8.000472e-06 5.461227e-06
3.777419e+00 4.264474e-06 3.802833e-06
3.788150e+00 1.079663e-06 3.202440e-06
3.798882e+00 5.053486e-06 -3.231859e-07
3.809613e+00 1.317275e-06 1.947095e-06
3.820344e+00 1.397576e-06 -3.290391e-06
3.831076e+00 3.085754e-06 -1.272047e-06
3.841807e+00 -4.955389e-06 -9.573108e-06
3.852538e+00 -5.127984e-07 1.112428e-05
3.863270e+00 2.142969e-06 -3.464174e-06
3.874001e+00 4.699722e-06 8.184919e-06
3.884732e+00 8.980067e-07 9.119188e-07
3.895463e+00 -7.171672e-06 -1.201613e-06
3.906195e+00 3.185736e-06 1.482857e-07
3.916926e+00 -7.860083e-07 1.134175e-07
3.927657e+00 -1.421409e-07 6.470199e-06
3.938389e+00 8.471340e-06 3.998941e-06
3.949120e+00 3.125539e-06 -3.205112e-06
3.959851e+00 3.501388e-06 -1.754024e-06
3.970583e+00 2.796753e-06 1.826741e-07
3.981314e+00 4.026416e-06 -5.989434e-07
3.992045e+00 7.780270e-06 -6.769769e-06
4.002777e+00 1.564375e-06 -1.263431e-06
4.013508e+00 -1.794530e-06 -4.413671e-06
4.024239e+00 -4.465602e-06 -5.183928e-06
4.034970e+00 -5.895667e-06 -7.186673e-06
4.045702e+00 -2.777629e-06 4.847824e-06
4.056433e+00 6.124403e-07 -3.298462e-06
4.067164e+00 -5.038538e-06 1.810114e-07
4.077896e+00 -4.805158e-06 6.012819e-06
4.088627e+00 5.275207e-06 8.503288e-06
4.099358e+00 -5.206344e-06 5.166251e-06
4.110090e+00 -2.033820e-06 5.608481e-06
4.120821e+00 4.102990e-06 -2.378336e-07
4.131552e+00 5.348542e-06 3.091270e-06
4.142283e+00 -3.440840e-07 3.746616e-06
4.153015e+00 -6.662790e-06 2.434157e-06
4.163746e+00 1.625164e-06 -1.194097e-06
4.174477e+00 -3.472833e-06 -1.346515e-06
4.185209e+00 8.744263e-06 -3.709351e-06
4.195940e+00 -3.053266e-06 5.339906e-06
4.206671e+00 4.663180e-06 -2.236474e-06
4.217403e+00 -1.259954e-06 3.356636e-06
4.228134e+00 -1.728387e-06 2.744826e-06
4.238865e+00 3.859879e-06 -1.081146e-06
4.249597e+00 -2.896643e-06 -6.946248e-08
4.260328e+00 -1.598437e-07 2.078000e-06
4.271059e+00 -2.190718e-06 1.186815e-05
4.281790e+00 -6.573300e-06 1.150023e-06
4.292522e+00 -1.936240e-07 -6.862218e-06
4.303253e+00 -4.439057e-07 3.728062e-06
4.313984e+00 -3.755507e-06 -4.516678e-06
4.324716e+00 7.047705e-06 -7.760308e-07
4.335447e+00 1.739899e-06 9.851599e-06
4.346178e+00 -5.659111e-06 -2.951922e-06
4.356910e+00 1.716152e-06 -5.139706e-06
4.367641e+00 4.355662e-06 1.094837e-06
4.378372e+00 -3.067866e-06 3.809290e-06
4.389103e+00 -4.495797e-06 -3.094586e-07
4.399835e+00 5.666873e-06 2.505308e-06
4.410566e+00 -3.643270e-06 4.090856e-06
4.421297e+00 1.171201e-06 3.870250e-06
4.432029e+00 6.915952e-07 2.989830e-06
4.442760e+00 4.720732e-06 1.505820e-07
4.453491e+00 -2.332588e-07 1.247927e-06
4.464223e+00 -2.161790e-06 5.929824e-06
4.474954e+00 1.904290e-06 5.227201e-07
4.485685e+00 3.482991e-06 -3.012735e-06
4.496417e+00 1.373956e-06 -2.324548e-06
4.507148e+00 -3.686026e-06 -6.545375e-07
4.517879e+00 1.456671e-06 3.016691e-06
4.528610e+00 1.580938e-06 3.605082e-07
4.539342e+00 1.678961e-06 3.381446e-06
4.550073e+00 9.451197e-07 -1.950321e-06
4.560804e+00 3.771990e-07 -3.174346e-06
4.571536e+00 -2.411910e-06 5.548098e-07
4.582267e+00 -5.277693e-07 -2.756581e-06
4.592998e+00 2.354259e-06 1.609850e-06
4.603730e+00 2.881439e-07 -3.137840e-06
4.614461e+00 1.289329e-06 -2.542110e-06
4.625192e+00 -3.813285e-06 -1.222612e-06
4.635923e+00 8.233324e-07 -2.147681e-06
4.646655e+00 -3.480845e-06 3.360512e-06
4.657386e+00 -2.140578e-06 1.251843e-06
4.668117e+00 6.240304e-07 -1.366446e-06
4.678849e+00 -2.560179e-06 1.714308e-07
4.689580e+00 3.331161e-06 -5.917089e-07
4.700311e+00 -1.029079e-06 3.883043e-08
4.711043e+00 -3.128438e-06 2.101674e-06
4.721774e+00 1.091875e-06 -1.454454e-06
4.732505e+00 -9.327913e-07 -1.657538e-06
4.743237e+00 8.087965e-07 2.106249e-06
4.753968e+00 -1.289459e-07 1.198100e-06
4.764699e+00 -2.291356e-06 1.103655e-06
4.775430e+00 -1.303253e-06 -1.648572e-07
4.786162e+00 -2.298919e-07 -1.463084e-07
4.796893e+00 4.893276e-07 9.212789e-08
4.807624e+00 9.892673e-07 -1.955291e-06
4.818356e+00 -6.396009e-07 1.587822e-06
4.829087e+00 -6.181550e-07 6.319333e-07
4.839818e+00 -1.455694e-06 6.904056e-08
4.850550e+00 -9.989648e-07 -6.460745e-07
4.861281e+00 -1.769258e-07 1.006155e-06
4.872012e+00 1.041838e-06 5.684050e-07
4.882743e+00 9.108668e-07 3.923825e-07
4.893475e+00 1.105561e-06 1.422742e-06
4.904206e+00 -2.231345e-07 -4.538669e-06
4.914937e+00 -4.137854e-06 2.930140e-06
4.925669e+00 -3.851758e-07 6.607276e-07
4.936400e+00 -5.048730e-06 1.702138e-07
4.947131e+00 4.302297e-06 2.090285e-06
4.957863e+00 -8.361117e-08 4.918951e-07
4.968594e+00 -4.522495e-07 5.625701e-07
4.979325e+00 -2.652074e-06 -7.093439e-07
4.990057e+00 -3.859412e-07 1.010804e-06
5.000788e+00 1.491693e-06 -5.147113e-07
5.011519e+00 -1.344862e-06 3.218987e-07
5.022250e+00 1.437981e-08 -8.380133e-07
5.032982e+00 -3.389362e-06 -1.687536e-06
5.043713e+00 -3.764275e-06 4.015197e-06
5.054444e+00 -2.074349e-06 2.384012e-06
5.065176e+00 -1.392962e-06 2.215133e-06
5.075907e+00 1.984451e-06 -1.663351e-06
5.086638e+00 -5.709048e-08 -2.553937e-07
5.097370e+00 -2.222866e-06 1.757074e-06
5.108101e+00 1.273139e-06 1.141626e-06
5.118832e+00 -2.590460e-06 2.242870e-06
5.129563e+00 -2.389776e-06 7.290776e-07
5.140295e+00 4.834223e-07 2.275485e-06
5.151026e+00 -1.513282e-06 2.186008e-06
5.161757e+00 7.539377e-07 9.783889e-07
5.172489e+00 2.420334e-07 1.063682e-06
5.183220e+00 -7.118347e-07 -3.657458e-07
5.193951e+00 1.959535e-06 -6.714715e-07
5.204683e+00 -2.501004e-06 -2.745819e-08
5.215414e+00 2.175635e-06 2.052263e-06
5.226145e+00 -1.540704e-06 1.093204e-06
5.236877e+00 9.745793e-07 4.819502e-07
5.247608e+00 -9.579554e-07 -1.677512e-06
5.258339e+00 -6.126046e-06 1.756809e-06
5.269070e+00 -4.234882e-07 3.873906e-07
5.279802e+00 -3.044167e-06 1.614315e-06
5.290533e+00 1.401463e-08 2.869275e-06
5.301264e+00 3.008836e-07 3.215899e-06
5.311996e+00 2.337675e-06 3.167438e-06
5.322727e+00 1.162327e-06 -1.131040e-06
5.333458e+00 -3.191323e-06 9.673548e-07
5.344190e+00 -6.432038e-07 3.209694e-06
5.354921e+00 1.656803e-06 5.438389e-07
5.365652e+00 -2.431419e-06 1.393817e-06
5.376383e+00 -4.231022e-07 1.887678e-06
5.387115e+00 -3.981658e-06 -2.356928e-07
5.397846e+00 -9.518995e-08 -2.923571e-07
5.408577e+00 1.011234e-06 1.320364e-06
5.419309e+00 2.247694e-06 1.364761e-06
5.430040e+00 -1.377773e-06 -2.704326e-06
5.440771e+00 -3.120085e-06 -2.999747e-06
5.451503e+00 -2.628129e-06 8.668366e-08
5.462234e+00 4.858778e-07 3.193059e-06
5.472965e+00 -5.638149e-06 4.457346e-07
5.483697e+00 -1.485605e-06 5.594815e-06
5.494428e+00 -8.517873e-07 -4.802101e-07
5.505159e+00 2.639464e-06 2.096215e-06
5.515890e+00 -4.137016e-06 2.468362e-06
5.526622e+00 2.062600e-06 -1.199816e-07
5.537353e+00 -3.306899e-06 2.156684e-06
5.548084e+00 -2.510601e-07 6.974130e-07
5.558816e+00 1.406102e-07 1.276597e-07
5.569547e+00 -2.648494e-06 1.338055e-06
5.580278e+00 3.285767e-06 3.553815e-06
5.591010e+00 -1.964298e-06 2.824861e-06
5.601741e+00 3.384457e-06 1.024935e-06
5.612472e+00 -1.731934e-06 -2.334328e-06
5.623203e+00 1.398645e-06 1.329203e-06
5.633935e+00 -2.301798e-06 -1.309980e-06
5.644666e+00 -1.755910e-06 1.472645e-06
5.655397e+00 4.439391e-07 2.785509e-06
5.666129e+00 2.539412e-06 -8.311809e-07
5.676860e+00 5.148487e-07 1.509594e-06
5.687591e+00 5.858613e-07 -1.718059e-06
5.698323e+00 -2.543960e-06 1.577000e-06
5.709054e+00 -5.683472e-07 2.029324e-06
5.719785e+00 1.882604e-07 1.750947e-06
5.730517e+00 3.402418e-06 9.899252e-07
5.741248e+00 2.421918e-06 -1.012857e-06
5.751979e+00 6.072817e-07 3.526246e-07
5.762710e+00 6.115157e-07 6.289274e-08
5.773442e+00 -3.586074e-06 6.599659e-07
5.784173e+00 2.275141e-06 2.895890e-06
5.794904e+00 6.225376e-07 1.780948e-06
5.805636e+00 6.603867e-07 2.726521e-06
5.816367e+00 2.673615e-06 1.538966e-06
5.827098e+00 2.329264e-06 8.272233e-07
5.837830e+00 2.097979e-06 -1.235149e-06
5.848561e+00 2.331257e-06 8.435293e-07
5.859292e+00 -2.961797e-07 -1.999657e-06
5.870023e+00 4.122600e-08 1.261587e-07
5.880755e+00 2.827002e-07 2.282612e-06
5.891486e+00 1.119217e-06 4.419130e-07
5.902217e+00 1.101844e-06 2.478392e-06
5.912949e+00 -6.756155e-08 8.253007e-07
5.923680e+00 9.410921e-07 3.073395e-06
5.934411e+00 -1.967508e-06 -9.019377e-07
5.945143e+00 -1.156416e-06 1.555101e-06
5.955874e+00 1.201208e-06 9.159356e-07
5.966605e+00 -5.279485e-07 7.310711e-07
5.977337e+00 5.875196e-08 9.823340e-07
5.988068e+00 -1.053104e-06 2.788137e-07
5.998799e+00 1.828765e-06 1.050408e-07
6.009530e+00 1.587960e-06 6.576116e-07
6.020262e+00 -1.110499e-06 1.423923e-06
6.030993e+00 2.316148e-06 4.999040e-07
6.041724e+00 -1.389830e-06 1.589579e-06
6.052456e+00 -2.440455e-07 -5.747474e-07
6.063187e+00 -9.175434e-07 8.958535e-07
6.073918e+00 -3.864590e-07 1.164518e-06
6.084650e+00 -3.372034e-09 2.864811e-06
6.095381e+00 -1.697147e-06 -2.231502e-06
6.106112e+00 1.308262e-06 -8.760752e-08
6.116843e+00 -8.685480e-07 -2.864818e-07
6.127575e+00 1.611702e-06 1.335427e-06
6.138306e+00 -6.135581e-07 3.925849e-06
6.149037e+00 7.416238e-07 -1.592045e-06
6.159769e+00 2.184332e-06 1.053333e-06
6.170500e+00 -1.705713e-06 2.932161e-06
6.181231e+00 -9.812073e-07 -1.003488e-06
6.191963e+00 -3.709523e-06 -7.369079e-07
6.202694e+00 6.239975e-06 -5.653498e-07
6.213425e+00 -8.092283e-06 2.037463e-06
6.224157e+00 6.167024e-06 2.439977e-06
6.234888e+00 -2.433009e-06 5.543789e-06
6.245619e+00 1.146201e-05 -1.148912e-06
6.256350e+00 -5.962856e-06 1.098398e-05
6.267082e+00 5.049422e-06 -6.705842e-06
6.277813e+00 5.458566e-06 1.069299e-06
6.288544e+00 9.250246e-06 1.181842e-05
6.299276e+00 -5.937760e-06 -1.300130e-05
6.310007e+00 -9.386405e-06 -1.454872e-06
6.320738e+00 3.581345e-06 7.691061e-06
6.331470e+00 8.790153e-06 2.830314e-06
6.342201e+00 1.784614e-06 3.090712e-06
6.352932e+00 9.013007e-07 -2.954275e-06
6.363663e+00 2.148794e-06 -3.613637e-06
6.374395e+00 4.854327e-06 -4.508489e-06
6.385126e+00 1.291112e-06 6.617427e-06
6.395857e+00 -2.089088e-06 9.867263e-06
6.406589e+00 -1.807482e-06 6.497425e-06
6.417320e+00 -9.217403e-06 7.199396e-06
6.428051e+00 -1.081200e-05 1.444405e-06
6.438783e+00 -8.470305e-06 -8.436812e-07
6.449514e+00 -2.963644e-06 -2.182370e-06
6.460245e+00 7.795318e-07 -3.921401e-06
6.470977e+00 -8.298770e-07 -9.803271e-07
6.481708e+00 -7.596957e-07 -1.610807e-06
6.492439e+00 -3.211499e-06 -1.896926e-06
6.503170e+00 -2.764500e-06 -2.257865e-06
6.513902e+00 -1.214818e-06 -3.097013e-06
6.524633e+00 -7.946882e-07 -3.200606e-06
6.535364e+00 -8.389705e-07 -3.455678e-06
6.546096e+00 -6.015092e-08 3.707250e-07
6.556827e+00 -2.337351e-06 -1.212022e-06
6.567558e+00 3.114482e-07 -1.622223e-07
6.578290e+00 -1.476157e-06 -3.879851e-07
6.589021e+00 -7.458648e-07 -1.815060e-06
6.599752e+00 2.232374e-07 -1.685024e-06
6.610483e+00 -1.038598e-06 -4.381382e-07
6.621215e+00 -9.834061e-07 2.684240e-06
6.631946e+00 -4.548581e-07 1.292923e-06
6.642677e+00 1.877166e-06 -3.544839e-07
6.653409e+00 -1.057739e-06 -3.984532e-06
6.664140e+00 -1.259075e-06 -1.082306e-06
6.674871e+00 1.556612e-06 7.546121e-07
6.685603e+00 -1.252231e-06 3.444846e-08
6.696334e+00 -2.138423e-10 1.194298e-06
6.707065e+00 -5.936711e-07 -1.146311e-06
6.717797e+00 -2.761721e-07 -2.633051e-07
6.728528e+00 5.637573e-07 2.407622e-07
6.739259e+00 -1.869222e-06 -5.738094e-07
6.749990e+00 -1.512443e-06 -3.466572e-07
6.760722e+00 -1.725073e-06 -3.407016e-08
6.771453e+00 -8.948879e-07 2.882251e-08
6.782184e+00 -1.694480e-07 -1.075407e-06
6.792916e+00 -2.017004e-06 9.213541e-07
6.803647e+00 -1.121122e-06 1.393971e-06
6.814378e+00 -3.145732e-07 -1.540391e-07
6.825110e+00 -9.476127e-07 -1.101294e-06
6.835841e+00 1.698794e-06 6.859940e-07
6.846572e+00 -1.540875e-06 -3.627754e-07
6.857303e+00 -3.470317e-07 -1.607497e-07
6.868035e+00 -9.379173e-07 3.693584e-07
6.878766e+00 -8.732677e-07 -2.699346e-06
6.889497e+00 -2.002116e-07 -1.264858e-06
6.900229e+00 -4.393125e-07 -1.359833e-07
6.910960e+00 -6.693173e-08 5.620157e-07
6.921691e+00 -1.364942e-06 -9.741914e-07
6.932423e+00 -1.188068e-06 2.656214e-07
6.943154e+00 -6.589921e-07 7.070229e-07
6.953885e+00 -3.951104e-07 -5.793498e-07
6.964617e+00 -1.180228e-06 2.574133e-06
6.975348e+00 -2.127058e-07 1.074677e-06
6.986079e+00 7.858046e-07 1.423384e-06
6.996810e+00 -1.165610e-07 7.069376e-08
7.007542e+00 -2.005238e-07 -6.111405e-07
7.018273e+00 6.195059e-07 -5.918540e-07
7.029004e+00 -2.032719e-06 1.351653e-06
7.039736e+00 2.152130e-07 1.727922e-07
7.050467e+00 -4.272315e-07 -2.186324e-07
7.061198e+00 -1.134795e-06 2.112330e-08
7.071930e+00 -6.089565e-07 2.686099e-06
7.082661e+00 -7.220183e-07 5.068120e-07
7.093392e+00 -1.337196e-06 -1.169842e-07
7.104123e+00 1.352635e-06 8.610816e-07
7.114855e+00 7.869268e-07 8.494809e-07
7.125586e+00 8.570444e-07 -2.133649e-08
7.136317e+00 9.177391e-08 -5.641584e-07
7.147049e+00 7.292110e-07 -9.489032e-07
7.157780e+00 -9.435809e-08 6.086619e-07
7.168511e+00 1.325981e-06 -2.467265e-06
7.179243e+00 1.863555e-07 -1.782057e-07
7.189974e+00 -7.467958e-07 -1.698804e-07
7.200705e+00 -7.029584e-07 -7.985027e-07
7.211437e+00 -2.179588e-06 -4.447079e-07
7.222168e+00 4.381777e-07 4.244541e-07
7.232899e+00 -1.670854e-06 -3.892151e-07
7.243630e+00 -1.476568e-06 1.456914e-06
7.254362e+00 -1.660161e-06 1.175252e-06
7.265093e+00 -1.781637e-06 1.285317e-06
7.275824e+00 5.706912e-07 -3.659760e-07
7.286556e+00 -1.223744e-06 2.603520e-07
7.297287e+00 4.033426e-07 5.775443e-07
7.308018e+00 -1.470099e-06 -1.086495e-06
7.318750e+00 2.098527e-06 3.262870e-07
7.329481e+00 -3.038866e-07 1.557618e-06
7.340212e+00 -2.090543e-06 -1.048614e-06
7.350943e+00 2.300100e-06 8.359976e-07
7.361675e+00 -3.035653e-06 3.442712e-07
7.372406e+00 2.298065e-06 -3.001456e-06
7.383137e+00 1.025583e-06 -1.163420e-06
7.393869e+00 -8.340966e-07 1.867149e-06
7.404600e+00 1.665676e-06 1.021747e-06
7.415331e+00 -2.198268e-06 -1.712702e-06
7.426063e+00 -2.058419e-06 -2.601841e-06
7.436794e+00 -2.997145e-07 1.408852e-06
7.447525e+00 -3.925855e-06 -8.474446e-07
7.458257e+00 -3.897114e-08 -4.101443e-06
7.468988e+00 -1.376427e-06 -4.151459e-07
7.479719e+00 -2.169738e-06 -1.492852e-06
7.490450e+00 3.099828e-06 -1.754157e-06
7.501182e+00 4.119488e-06 1.858710e-06
7.511913e+00 -4.210335e-07 4.800761e-06
7.522644e+00 -2.548186e-06 -4.217996e-07
7.533376e+00 1.568708e-06 1.496168e-06
7.544107e+00 -2.325938e-06 2.276220e-07
7.554838e+00 1.458786e-06 1.045753e-06
7.565570e+00 -9.596227e-08 -6.627120e-07
7.576301e+00 7.223602e-07 -1.334425e-06
7.587032e+00 -7.880443e-07 4.537592e-07
7.597763e+00 -1.101782e-06 3.295340e-07
7.608495e+00 -1.893917e-06 -2.611947e-06
7.619226e+00 2.565919e-06 -3.768286e-06
7.629957e+00 -1.717778e-07 1.491524e-06
7.640689e+00 -8.179446e-07 7.539360e-07
7.651420e+00 -2.062726e-06 -1.161724e-06
7.662151e+00 -7.689089e-07 -2.386450e-06
7.672883e+00 -1.874678e-06 -2.729962e-07
7.683614e+00 2.587807e-07 -6.732390e-07
7.694345e+00 -1.933208e-06 1.352852e-06
7.705077e+00 -6.386575e-07 4.150329e-07
7.715808e+00 7.601896e-07 1.426001e-06
7.726539e+00 2.348926e-06 5.133432e-07
7.737270e+00 1.156144e-06 1.056703e-06
7.748002e+00 -5.205652e-07 3.227606e-07
7.758733e+00 -8.906375e-07 -9.448048e-07
7.769464e+00 1.156565e-06 -7.023826e-07
7.780196e+00 -2.807108e-07 -7.091811e-07
7.790927e+00 9.197558e-07 1.235197e-06
7.801658e+00 1.313371e-07 -1.241573e-06
7.812390e+00 -1.304430e-06 -1.352581e-06
7.823121e+00 -6.649283e-07 2.408139e-07
7.833852e+00 -2.402203e-06 5.639129e-07
7.844583e+00 1.189728e-06 9.656741e-07
7.855315e+00 1.428515e-06 1.576429e-07
7.866046e+00 -6.442032e-07 8.148008e-07
7.876777e+00 -8.879044e-07 9.169115e-08
7.887509e+00 -1.198471e-06 -5.134843e-07
7.898240e+00 -2.023084e-07 -3.584050e-07
7.908971e+00 -2.220193e-06 -6.142361e-07
7.919703e+00 -4.572626e-07 -9.341233e-07
7.930434e+00 -1.188789e-07 -4.603336e-07
7.941165e+00 -3.560289e-07 -3.455251e-07
7.951897e+00 -1.082659e-06 6.662167e-07
7.962628e+00 -8.420917e-07 -1.515626e-06
7.973359e+00 -2.798323e-06 -5.683124e-07
7.984090e+00 -9.620247e-07 -6.244367e-08
7.994822e+00 -1.150000e-06 -1.149985e-06
8.005553e+00 -4.445175e-07 2.525945e-06
8.016284e+00 -4.152161e-07 -8.348134e-07
8.027016e+00 -7.178219e-07 2.798224e-07
8.037747e+00 2.141474e-07 -5.217450e-07
8.048478e+00 -1.117425e-06 7.499085e-07
8.059210e+00 1.041717e-06 9.572090e-07
8.069941e+00 7.957069e-07 -3.690656e-07
8.080672e+00 -2.563578e-06 1.619528e-06
8.091403e+00 -7.833013e-07 -1.020223e-06
8.102135e+00 -2.225745e-07 -6.324260e-07
8.112866e+00 3.571289e-07 3.544153e-07
8.123597e+00 -1.004165e-06 7.195437e-07
8.134329e+00 -2.441896e-06 1.525180e-06
8.145060e+00 -1.164907e-06 6.244268e-07
8.155791e+00 8.226745e-07 1.228011e-06
8.166523e+00 -6.485882e-07 5.579748e-07
8.177254e+00 1.842832e-06 8.267024e-08
8.187985e+00 1.747133e-06 -1.817366e-06
8.198717e+00 -1.260724e-06 -9.333814e-08
8.209448e+00 -2.114184e-06 7.897504e-07
8.220179e+00 -1.205600e-06 7.363749e-07
8.230910e+00 -1.278239e-06 -1.788540e-07
8.241642e+00 -1.036997e-07 -1.314419e-06
8.252373e+00 1.349758e-06 6.655902e-07
8.263104e+00 -1.002382e-06 7.135762e-07
8.273836e+00 -1.911443e-06 1.545324e-06
8.284567e+00 -1.265437e-06 5.661716e-07
8.295298e+00 7.267457e-07 2.121814e-07
8.306030e+00 -7.313817e-07 -9.602698e-07
8.316761e+00 1.165152e-06 -1.211059e-06
8.327492e+00 2.270959e-07 2.423527e-08
8.338223e+00 4.013300e-07 -4.451249e-08
8.348955e+00 -1.234554e-06 4.281442e-07
8.359686e+00 -7.598234e-07 2.651166e-07
8.370417e+00 1.264187e-06 -7.979863e-07
8.381149e+00 -5.413679e-07 3.762828e-07
8.391880e+00 -7.533354e-07 -3.099866e-07
8.402611e+00 -5.868517e-07 -4.163631e-07
8.413343e+00 -3.128518e-06 3.534879e-07
8.424074e+00 -5.499381e-08 2.729193e-07
8.434805e+00 -1.594000e-06 -1.069673e-06
8.445537e+00 1.887489e-06 -2.021404e-06
8.456268e+00 4.820350e-07 8.171618e-07
8.466999e+00 4.563846e-07 -6.482938e-07
8.477730e+00 2.069266e-06 -4.895710e-07
8.488462e+00 -1.910541e-06 2.148591e-06
8.499193e+00 -7.585093e-07 -1.065112e-06
8.509924e+00 9.948361e-07 2.005327e-07
8.520656e+00 -5.249955e-07 9.415993e-07
8.531387e+00 -1.657966e-06 -1.751402e-06
8.542118e+00 -4.441647e-07 2.406279e-07
8.552850e+00 -1.029358e-06 -9.690925e-07
8.563581e+00 -1.821450e-06 -4.185359e-07
8.574312e+00 -2.025870e-06 -1.582461e-06
8.585043e+00 -1.604867e-06 1.446081e-06
8.595775e+00 -1.075719e-07 1.383586e-06
8.606506e+00 -6.764764e-07 3.172798e-06
8.617237e+00 1.183206e-06 1.342734e-06
8.627969e+00 -6.340782e-07 8.462651e-07
8.638700e+00 -4.232211e-07 7.341694e-07
8.649431e+00 -1.641002e-06 1.470274e-06
8.660163e+00 -7.907939e-07 -2.099528e-06
8.670894e+00 3.963891e-07 1.852277e-06
8.681625e+00 -4.862940e-07 9.298197e-07
8.692357e+00 -6.052639e-07 -1.963068e-06
8.703088e+00 -4.924469e-07 2.122423e-06
8.713819e+00 -2.264398e-06 -4.539626e-07
8.724550e+00 -1.232618e-06 -2.183504e-07
8.735282e+00 -6.437660e-07 8.306752e-08
8.746013e+00 -1.302228e-06 2.060844e-07
8.756744e+00 1.922920e-06 5.788537e-08
8.767476e+00 6.503744e-07 1.409059e-06
8.778207e+00 -1.747624e-07 7.622690e-07
8.788938e+00 1.962375e-08 -8.904321e-08
8.799670e+00 -4.343744e-07 -1.306987e-08
8.810401e+00 9.803116e-07 -1.945313e-06
8.821132e+00 1.508827e-06 9.959463e-08
8.831863e+00 -8.820685e-07 -3.372681e-07
8.842595e+00 -5.533474e-07 -9.527369e-07
8.853326e+00 -8.389911e-07 -9.849502e-09
8.864057e+00 -6.754678e-07 1.076926e-06
8.874789e+00 -7.594432e-07 3.146160e-07
8.885520e+00 1.798554e-06 9.440636e-07
8.896251e+00 7.785411e-07 3.947520e-08
8.906983e+00 2.735513e-07 3.673460e-07
8.917714e+00 -4.074848e-07 -7.711357e-08
8.928445e+00 -7.260742e-07 -5.451129e-07
8.939177e+00 2.228403e-07 -1.157176e-06
8.949908e+00 -6.435848e-07 -3.968137e-07
8.960639e+00 -1.072300e-06 -1.943813e-07
8.971370e+00 -2.083901e-06 1.928636e-07
8.982102e+00 -5.378608e-07 7.432291e-08
8.992833e+00 -1.820952e-06 9.096986e-07
9.003564e+00 -3.259630e-07 3.446269e-07
9.014296e+00 -8.427896e-07 3.877325e-07
9.025027e+00 -1.467612e-06 2.208531e-06
9.035758e+00 -6.290220e-07 1.256368e-07
9.046490e+00 1.558533e-07 1.603063e-06
9.057221e+00 -1.234251e-07 3.020632e-07
9.067952e+00 5.804455e-07 -7.468828e-07
9.078683e+00 3.995443e-07 1.285313e-07
9.089415e+00 7.964093e-07 3.663807e-07
9.100146e+00 9.220783e-07 2.378491e-07
9.110877e+00 -1.231764e-06 8.230193e-07
9.121609e+00 -9.174967e-07 6.096090e-08
9.132340e+00 1.399111e-07 1.552184e-06
9.143071e+00 -8.800445e-08 7.203936e-07
9.153803e+00 1.399624e-06 -7.278858e-07
9.164534e+00 -1.888994e-06 -8.947540e-07
9.175265e+00 5.301165e-07 -1.165174e-07
9.185997e+00 -1.432813e-06 -2.447867e-07
9.196728e+00 9.193586e-07 -1.247308e-07
9.207459e+00 -5.407633e-07 1.111340e-06
9.218190e+00 6.811391e-07 1.096417e-06
9.228922e+00 -1.349196e-07 -1.486643e-06
9.239653e+00 6.340995e-07 -7.805285e-07
9.250384e+00 2.797502e-07 -4.643563e-07
9.261116e+00 -7.067922e-07 -5.510397e-08
9.271847e+00 8.860106e-07 -3.352431e-07
9.282578e+00 -1.165958e-06 -2.795114e-07
9.293310e+00 9.285989e-07 1.143243e-07
9.304041e+00 -6.976902e-07 -2.782042e-07
9.314772e+00 6.761742e-07 1.015638e-06
9.325503e+00 -3.286922e-06 -8.288528e-07
9.336235e+00 1.347532e-06 -1.628052e-06
9.346966e+00 -1.052582e-06 1.712967e-06
9.357697e+00 1.641996e-06 -1.024416e-06
9.368429e+00 -1.558486e-06 3.127383e-06
9.379160e+00 9.127457e-07 -1.451155e-06
9.389891e+00 4.583256e-07 1.934073e-06
9.400623e+00 -4.834664e-07 9.849476e-07
9.411354e+00 8.654596e-07 -1.396906e-06
9.422085e+00 1.310230e-06 3.606524e-06
9.432817e+00 -1.073523e-06 2.693422e-06
9.443548e+00 -8.413797e-07 2.912727e-06
9.454279e+00 3.607846e-06 2.031103e-06
9.465010e+00 1.681059e-06 -1.665152e-06
9.475742e+00 2.101592e-07 -8.258077e-07
9.486473e+00 -2.410153e-07 1.149196e-07
9.497204e+00 -3.150329e-07 1.472540e-06
9.507936e+00 -3.641301e-07 1.006197e-06
9.518667e+00 5.333074e-07 -1.932974e-07
9.529398e+00 1.284116e-07 1.671151e-06
9.540130e+00 -3.306724e-07 -3.163386e-06
9.550861e+00 -4.527825e-07 -3.851696e-06
9.561592e+00 1.145689e-06 -4.326999e-07
9.572323e+00 1.118426e-06 9.810331e-07
9.583055e+00 2.813781e-06 9.164679e-07
9.593786e+00 9.854906e-07 2.056941e-06
9.604517e+00 3.344373e-07 3.741929e-06
9.615249e+00 -1.137639e-07 4.601677e-06
9.625980e+00 -1.420861e-06 2.507546e-06
9.636711e+00 -2.955813e-06 8.399277e-07
9.647443e+00 -2.514638e-06 1.924468e-06
9.658174e+00 -7.061743e-07 8.512018e-07
9.668905e+00 -1.835967e-06 -3.901989e-07
9.679637e+00 -2.212721e-06 2.189149e-06
9.690368e+00 -3.436730e-06 -3.837862e-07
9.701099e+00 -1.038815e-06 2.077047e-07
9.711830e+00 -7.922029e-07 -2.459594e-06
9.722562e+00 -2.427271e-06 -6.010480e-07
9.733293e+00 -3.400623e-07 -4.061139e-07
9.744024e+00 -3.122324e-06 -1.791462e-06
9.754756e+00 -3.345396e-07 -6.301800e-07
9.765487e+00 -1.538554e-06 -1.520531e-07
9.776218e+00 -1.560603e-06 -2.224873e-07
9.786950e+00 -2.723874e-06 -4.855798e-07
9.797681e+00 -2.530809e-06 -7.253750e-07
9.808412e+00 -1.203462e-07 -5.096283e-07
9.819143e+00 -6.547204e-07 -4.449352e-07
9.829875e+00 -4.966433e-07 -3.862513e-07
9.840606e+00 -4.887676e-07 -1.492347e-06
9.851337e+00 9.399171e-07 -3.701215e-07
9.862069e+00 -3.232253e-07 -1.797368e-06
9.872800e+00 2.020286e-07 1.070928e-06
9.883531e+00 -2.902312e-06 -1.432662e-06
9.894263e+00 -6.583709e-07 3.046390e-09
9.904994e+00 -8.790957e-07 1.147536e-06
9.915725e+00 2.961739e-07 -3.027852e-07
9.926457e+00 1.401296e-08 3.097444e-07
9.937188e+00 -1.283588e-06 -8.336084e-07
9.947919e+00 2.049017e-06 -4.731078e-07
9.958650e+00 -4.595403e-07 -6.572202e-07
9.969382e+00 1.732484e-06 -3.469046e-07
9.980113e+00 -2.455746e-06 5.338604e-08
9.990844e+00 -1.340779e-06 6.769470e-07
1.000158e+01 -2.676259e-06 9.454398e-07
1.001231e+01 2.242716e-06 1.457548e-06
1.002304e+01 2.906651e-07 1.830696e-07
1.003377e+01 2.399655e-07 1.642797e-06
1.004450e+01 5.880847e-07 -5.550813e-07
1.005523e+01 2.210075e-06 -1.912397e-06
1.006596e+01 -1.956185e-07 -1.041325e-06
1.007669e+01 -2.856687e-06 -3.774155e-07
1.008743e+01 2.590914e-06 -1.764197e-07
1.009816e+01 -3.261702e-06 -4.096677e-07
1.010889e+01 1.739456e-07 6.260174e-08
1.011962e+01 -2.390117e-06 -2.452073e-06
1.013035e+01 5.395975e-07 -4.448712e-07
1.014108e+01 -1.428989e-06 -3.309437e-06
1.015181e+01 -3.423481e-06 1.873959e-06
1.016255e+01 -2.554429e-06 -3.511215e-07
1.017328e+01 1.145763e-06 1.105918e-06
1.018401e+01 9.898418e-07 -9.465246e-07
1.019474e+01 -1.898604e-06 -3.601307e-06
1.020547e+01 -3.897601e-06 3.420141e-07
1.021620e+01 9.851090e-07 -1.541270e-06
1.022693e+01 -2.149069e-06 -1.754624e-06
1.023766e+01 -4.969403e-06 3.797845e-06
1.024840e+01 -1.432558e-06 -1.300464e-06
1.025913e+01 -3.361572e-06 -3.034410e-07
1.026986e+01 -1.584519e-07 -1.904720e-06
1.028059e+01 -9.016631e-07 2.011921e-06
1.029132e+01 -3.932879e-06 3.735791e-06
1.030205e+01 2.104249e-06 9.951876e-07
1.031278e+01 -1.960301e-06 4.733475e-06
1.032351e+01 -1.557723e-07 -5.373879e-07
1.033425e+01 5.391915e-07 1.381943e-08
1.034498e+01 6.116246e-07 1.062666e-06
1.035571e+01 -3.915740e-07 2.971099e-06
1.036644e+01 2.213654e-06 1.871457e-06
1.037717e+01 1.493167e-06 -3.716359e-06
1.038790e+01 -3.827790e-07 6.628055e-07
1.039863e+01 6.861653e-07 -9.669883e-07
1.040937e+01 1.432091e-06 1.107202e-06
1.042010e+01 2.824555e-06 -2.225795e-06
1.043083e+01 7.861842e-07 5.709244e-07
1.044156e+01 3.263116e-06 -1.212301e-06
1.045229e+01 -2.095459e-06 -2.418320e-06
1.046302e+01 -3.325694e-06 5.911234e-07
1.047375e+01 2.570361e-06 -2.203756e-06
1.048448e+01 1.710225e-08 4.809286e-06
1.049522e+01 -6.787229e-07 1.296433e-06
1.050595e+01 7.299849e-07 3.549911e-06
1.051668e+01 3.072939e-07 3.692651e-06
1.052741e+01 -8.062573e-07 -2.310789e-06
1.053814e+01 -7.673211e-07 3.416757e-06
1.054887e+01 3.302853e-06 3.406935e-08
1.055960e+01 3.492882e-06 3.433414e-06
1.057033e+01 -7.514664e-06 1.448995e-06
1.058107e+01 -1.650124e-06 5.081361e-07
1.059180e+01 -4.055881e-07 -9.520577e-07
1.060253e+01 -2.850415e-06 -1.664720e-06
1.061326e+01 4.968111e-08 -4.171447e-06
1.062399e+01 -8.047443e-07 -7.718246e-08
1.063472e+01 -6.210879e-07 2.612783e-06
1.064545e+01 5.126816e-07 -1.419228e-06
1.065619e+01 5.776717e-06 2.504077e-07
1.066692e+01 -9.211527e-07 4.602594e-06
1.067765e+01 -1.261513e-06 2.123168e-06
1.068838e+01 -4.693545e-06 2.681669e-07
1.069911e+01 -1.765003e-06 1.912921e-06
1.070984e+01 -3.533414e-06 -4.216552e-06
1.072057e+01 -8.514898e-07 -4.443772e-06
1.073130e+01 -3.081614e-06 -3.089379e-07
1.074204e+01 2.441750e-06 1.509217e-06
1.075277e+01 2.346487e-07 3.806495e-06
1.076350e+01 -1.301488e-06 2.102478e-06
1.077423e+01 -6.143868e-07 -3.090113e-06
1.078496e+01 3.342520e-06 4.340773e-08
1.079569e+01 2.704739e-06 -8.592636e-07
1.080642e+01 -1.052560e-06 -1.768340e-06
1.081715e+01 -1.395737e-06 1.655386e-06
1.082789e+01 -2.693640e-07 1.789911e-07
1.083862e+01 -1.677800e-06 -3.048632e-07
1.084935e+01 -1.119224e-06 1.667142e-06
1.086008e+01 -1.032117e-06 1.753186e-06
1.087081e+01 3.774704e-07 5.482338e-07
1.088154e+01 -1.382774e-06 -1.006530e-07
1.089227e+01 -1.548179e-06 2.285138e-06
1.090301e+01 -1.095377e-06 1.155419e-06
1.091374e+01 -4.160889e-07 1.171117e-06
1.092447e+01 -1.071856e-06 4.246261e-08
1.093520e+01 5.989150e-07 1.525820e-06
1.094593e+01 9.208422e-07 1.631271e-06
1.095666e+01 3.288558e-08 8.816131e-07
1.096739e+01 2.847740e-07 1.042999e-06
1.097812e+01 -1.119453e-06 -1.698255e-06
1.098886e+01 -2.859697e-07 1.110824e-06
1.099959e+01 3.821530e-08 -1.246985e-06
1.101032e+01 8.897775e-07 -2.183795e-06
1.102105e+01 1.825688e-07 -5.815488e-07
1.103178e+01 -7.342945e-07 -1.611457e-07
1.104251e+01 -1.316614e-06 1.283438e-06
1.105324e+01 -1.535071e-06 -8.518964e-08
1.106397e+01 -5.724248e-07 5.238838e-07
1.107471e+01 -2.800964e-07 5.111355e-07
1.108544e+01 -6.024224e-07 4.315413e-07
1.109617e+01 -5.743885e-07 -5.370836e-07
1.110690e+01 -7.594992e-07 -1.124334e-06
1.111763e+01 1.140774e-06 1.038678e-07
1.112836e+01 -2.109223e-06 -1.040295e-07
1.113909e+01 -1.094360e-06 5.663395e-07
1.114983e+01 3.495917e-07 1.045379e-06
1.116056e+01 4.072086e-07 1.365369e-06
1.117129e+01 -1.739618e-07 -4.746770e-07
1.118202e+01 -1.559933e-06 1.548730e-07
1.119275e+01 3.507552e-07 -8.092091e-08
1.120348e+01 3.621730e-07 1.093213e-06
1.121421e+01 -6.369758e-08 -3.215741e-08
1.122494e+01 -1.156156e-06 3.935274e-07
1.123568e+01 -1.418065e-06 -7.835418e-07
1.124641e+01 2.510849e-07 5.234351e-07
1.125714e+01 -1.615304e-06 5.056515e-07
1.126787e+01 5.287978e-07 1.922569e-07
1.127860e+01 -4.045096e-07 -1.574632e-06
1.128933e+01 -2.339934e-07 6.419044e-07
1.130006e+01 -2.570738e-07 6.484672e-07
1.131079e+01 3.235978e-07 -6.824552e-07
1.132153e+01 -1.436249e-06 1.410973e-06
1.133226e+01 1.871719e-07 -2.466498e-07
1.134299e+01 -1.863422e-06 -6.638450e-08
1.135372e+01 -1.417390e-06 3.885617e-07
1.136445e+01 5.281748e-07 1.793761e-06
1.137518e+01 -5.943419e-07 6.585769e-07
1.138591e+01 1.359980e-06 -4.613745e-07
1.139665e+01 -7.656101e-07 -7.167025e-08
1.140738e+01 -4.071813e-07 -1.034324e-06
1.141811e+01 3.311775e-07 -1.080821e-06
1.142884e+01 5.491127e-07 1.693328e-06
1.143957e+01 8.530312e-07 2.173683e-07
1.145030e+01 -5.238965e-07 -1.606839e-07
1.146103e+01 -1.560841e-06 -1.203973e-07
1.147176e+01 3.466357e-07 -1.452592e-06
1.148250e+01 -5.566689e-07 -6.221112e-07
1.149323e+01 -1.214491e-06 -4.864115e-07
1.150396e+01 -9.546870e-07 -3.900265e-07
1.151469e+01 -5.511213e-07 -1.010921e-06
1.152542e+01 6.635676e-07 7.681312e-08
1.153615e+01 -5.567005e-07 1.560415e-06
1.154688e+01 -1.489905e-07 8.217831e-07
1.155761e+01 -6.831581e-07 -1.559505e-07
1.156835e+01 -7.157374e-07 3.125615e-07
1.157908e+01 -6.895403e-07 2.309196e-07
1.158981e+01 -1.267095e-06 7.457083e-07
1.160054e+01 -5.289766e-07 -7.149682e-07
1.161127e+01 -3.866014e-07 3.306116e-07
1.162200e+01 -1.323578e-06 -4.906528e-07
1.163273e+01 9.125471e-07 -1.607675e-06
1.164347e+01 -1.408354e-06 -9.056907e-08
1.165420e+01 2.579957e-07 -1.631776e-07
1.166493e+01 3.839333e-07 4.262223e-07
1.167566e+01 -2.158055e-06 6.590344e-07
1.168639e+01 -2.039237e-07 -2.706906e-07
1.169712e+01 -6.361546e-07 1.880185e-06
1.170785e+01 -7.520197e-08 1.655257e-06
1.171858e+01 -4.496193e-07 1.167028e-06
1.172932e+01 -4.274924e-07 -9.784837e-07
1.174005e+01 1.181130e-06 9.541943e-07
1.175078e+01 -5.984665e-07 -4.722111e-07
1.176151e+01 -6.858855e-08 6.498129e-08
1.177224e+01 4.285712e-07 -1.972699e-06
1.178297e+01 6.839660e-07 -9.841205e-08
1.179370e+01 -7.659142e-07 1.417179e-06
1.180443e+01 -2.921812e-07 4.964364e-07
1.181517e+01 -7.601652e-07 3.790024e-07
1.182590e+01 -1.183514e-06 4.728648e-07
1.183663e+01 -8.154273e-07 -9.850908e-07
1.184736e+01 7.402414e-07 8.882454e-07
1.185809e+01 -3.220174e-07 1.498477e-06
1.186882e+01 -9.531762e-07 -1.566956e-07
1.187955e+01 1.672732e-06 4.731271e-07
1.189029e+01 -1.209112e-06 -2.435402e-08
1.190102e+01 -1.008744e-06 -6.364633e-08
1.191175e+01 -6.820943e-07 -5.394867e-07
1.192248e+01 -3.241830e-07 6.196637e-07
1.193321e+01 -5.257956e-07 9.419535e-08
1.194394e+01 -9.584126e-07 -8.612654e-07
1.195467e+01 -1.535096e-06 -1.764098e-06
1.196540e+01 -8.862972e-07 -4.996883e-07
1.197614e+01 9.792460e-08 7.158287e-07
1.198687e+01 4.042536e-07 4.996791e-08
1.199760e+01 -1.234441e-07 -8.421557e-07
1.200833e+01 -6.533454e-07 5.688570e-07
1.201906e+01 -6.916768e-08 1.333713e-06
1.202979e+01 -1.359138e-06 -8.242801e-07
1.204052e+01 1.195640e-06 -1.010807e-06
1.205125e+01 3.974245e-07 6.930169e-07
1.206199e+01 -6.589923e-07 8.760195e-07
1.207272e+01 -4.054902e-07 -2.697419e-07
1.208345e+01 -7.078495e-08 -1.017864e-06
1.209418e+01 -1.427178e-06 -4.658844e-07
1.210491e+01 6.536765e-07 -7.582973e-07
1.211564e+01 5.190457e-08 4.459518e-07
1.212637e+01 -1.731008e-07 -4.258882e-07
1.213711e+01 1.865905e-08 5.709117e-07
1.214784e+01 -2.125499e-06 5.060554e-07
1.215857e+01 -2.632787e-07 -3.784896e-07
1.216930e+01 5.882068e-07 -5.919172e-07
1.218003e+01 -6.979107e-07 4.365082e-07
1.219076e+01 -9.342670e-07 -1.191130e-06
1.220149e+01 -6.782793e-07 7.986256e-07
1.221222e+01 8.176793e-07 5.973665e-07
1.222296e+01 -6.927612e-07 -5.575463e-07
1.223369e+01 2.907185e-07 7.493110e-08
1.224442e+01 -6.202978e-07 -1.114641e-06
1.225515e+01 -1.965905e-07 7.329127e-07
1.226588e+01 -7.414043e-07 1.715800e-07
1.227661e+01 -2.538239e-07 4.722992e-07
1.228734e+01 9.590424e-08 -5.984327e-07
1.229807e+01 -3.518076e-07 -6.739927e-07
1.230881e+01 -6.664047e-07 -6.711867e-07
1.231954e+01 8.679095e-07 6.219497e-07
1.233027e+01 -3.170688e-07 4.165725e-07
1.234100e+01 8.571929e-07 8.897130e-07
1.235173e+01 -1.261771e-06 2.469985e-06
1.236246e+01 -1.218666e-07 -1.382749e-06
1.237319e+01 -8.936855e-07 6.815712e-07
1.238393e+01 1.322643e-07 -1.887468e-08
1.239466e+01 7.584515e-07 4.827635e-07
1.240539e+01 1.111837e-07 2.728669e-07
1.241612e+01 -2.172982e-07 -3.423735e-07
1.242685e+01 6.522375e-07 -8.872585e-07
1.243758e+01 -1.066703e-06 -1.431541e-07
1.244831e+01 -2.213205e-06 1.034977e-06
1.245904e+01 2.158541e-07 -3.012911e-06
1.246978e+01 -4.916931e-08 1.776173e-06
1.248051e+01 -1.553878e-06 -3.293406e-07
1.249124e+01 -1.703668e-06 1.673569e-07
1.250197e+01 -9.812547e-07 -7.210397e-07
1.251270e+01 -2.170440e-07 -1.580725e-06
1.252343e+01 -1.031982e-06 1.313467e-06
1.253416e+01 -1.494675e-06 1.222700e-06
1.254489e+01 6.904394e-07 2.748618e-08
1.255563e+01 -3.200097e-06 1.496963e-06
1.256636e+01 -2.263264e-06 -8.553048e-10
1.257709e+01 -6.737834e-07 -2.103193e-06
1.258782e+01 1.480545e-06 4.158912e-07
1.259855e+01 1.759228e-06 2.477407e-07
1.260928e+01 -2.557375e-06 -2.079256e-06
1.262001e+01 -3.024244e-06 1.259507e-06
1.263075e+01 -2.398455e-06 1.554640e-06
1.264148e+01 -6.226333e-07 9.445794e-07
1.265221e+01 6.937793e-08 1.774732e-06
1.266294e+01 7.664824e-07 1.589581e-06
1.267367e+01 1.595668e-06 -9.180731e-07
1.268440e+01 8.162835e-07 -1.017808e-06
1.269513e+01 -1.269948e-06 -1.484635e-07
1.270586e+01 -5.264738e-07 -1.054734e-07
1.271660e+01 -4.214010e-09 -9.122059e-07
1.272733e+01 -5.409886e-07 8.050572e-07
1.273806e+01 -7.276010e-07 -3.645050e-07
1.274879e+01 -1.466227e-06 1.609165e-06
1.275952e+01 -1.477031e-07 1.359655e-06
1.277025e+01 -6.646825e-07 -6.308076e-07
1.278098e+01 -2.193712e-07 -1.231115e-06
1.279171e+01 -1.039963e-06 -9.889528e-07
1.280245e+01 1.052550e-06 -2.678641e-06
1.281318e+01 1.891564e-06 -2.822297e-06
1.282391e+01 2.159469e-06 -1.383549e-07
1.283464e+01 2.754843e-06 3.235383e-06
1.284537e+01 -2.555349e-08 3.461893e-06
1.285610e+01 3.612135e-07 1.122032e-06
1.286683e+01 -1.460956e-06 1.023254e-06
1.287757e+01 9.108165e-07 -2.021650e-07
1.288830e+01 4.814521e-07 4.347452e-07
1.289903e+01 -2.982600e-07 -3.641531e-07
1.290976e+01 -3.944234e-07 3.739375e-07
1.292049e+01 3.969370e-07 -5.763532e-08
1.293122e+01 -8.004824e-07 1.024257e-06
1.294195e+01 -3.940783e-07 9.281933e-07
1.295268e+01 7.789698e-07 -1.116729e-06
1.296342e+01 2.350794e-07 -1.883751e-06
1.297415e+01 2.651112e-06 -1.135032e-06
1.298488e+01 2.005373e-06 2.085924e-06
1.299561e+01 9.679196e-07 2.302015e-06
1.300634e+01 7.865979e-08 1.698850e-06
1.301707e+01 -7.168547e-07 -1.777105e-07
1.302780e+01 -1.382120e-06 -7.634615e-08
1.303853e+01 -2.572744e-06 9.386782e-07
1.304927e+01 -1.207037e-06 1.412170e-06
1.306000e+01 8.166131e-08 -7.194536e-07
1.307073e+01 1.183189e-06 -1.339775e-06
1.308146e+01 4.239431e-07 -6.179906e-08
1.309219e+01 3.920151e-07 5.308089e-07
1.310292e+01 -1.201898e-06 -2.101381e-07
1.311365e+01 4.291534e-07 -1.514523e-06
1.312439e+01 -7.395114e-07 9.683027e-07
1.313512e+01 2.801304e-07 2.387003e-07
1.314585e+01 -4.574826e-07 -5.837950e-07
1.315658e+01 6.701056e-07 -5.555066e-07
1.316731e+01 -4.795083e-08 -1.614327e-06
1.317804e+01 6.828853e-07 -5.650088e-07
1.318877e+01 1.158134e-06 -7.690930e-07
1.319950e+01 -1.160017e-06 -2.390434e-06
1.321024e+01 -7.856220e-07 -4.744879e-08
1.322097e+01 -2.114251e-06 1.556739e-06
1.323170e+01 7.976052e-08 8.292224e-07
1.324243e+01 -1.762843e-06 -5.239663e-07
1.325316e+01 2.613886e-06 1.569389e-06
1.326389e+01 1.692314e-06 1.062576e-06
1.327462e+01 1.294944e-06 1.989654e-07
1.328535e+01 -8.811095e-07 -3.525955e-07
1.329609e+01 6.080493e-07 1.389658e-06
1.330682e+01 1.162395e-06 -1.332504e-06
1.331755e+01 1.640057e-06 -1.575870e-07
1.332828e+01 1.418431e-08 -6.769976e-07
1.333901e+01 -2.114989e-06 -2.490044e-06
1.334974e+01 -3.953798e-07 1.488450e-07
1.336047e+01 1.672511e-06 1.083105e-06
1.337121e+01 -3.108038e-06 -2.251267e-06
1.338194e+01 5.255151e-07 2.015215e-07
1.339267e+01 1.414588e-06 1.222968e-06
1.340340e+01 -1.959809e-07 -1.959645e-07
1.341413e+01 -4.081860e-07 1.477131e-07
1.342486e+01 -3.532595e-07 -2.619097e-06
1.343559e+01 3.170243e-07 1.012686e-06
1.344632e+01 4.974703e-07 -6.810736e-07
1.345706e+01 -6.447893e-07 -2.973417e-06
1.346779e+01 2.097834e-06 -1.180704e-06
1.347852e+01 -3.293298e-06 -1.240438e-06
1.348925e+01 -2.377410e-06 -1.892295e-07
1.349998e+01 -2.020957e-06 1.346264e-06
1.351071e+01 9.569937e-07 5.508464e-08
1.352144e+01 -1.617459e-06 9.248585e-07
1.353217e+01 7.793589e-08 1.173428e-06
1.354291e+01 -7.719525e-07 7.187597e-07
1.355364e+01 -2.381148e-07 -6.020379e-07
1.356437e+01 6.808427e-07 5.436025e-07
1.357510e+01 4.424999e-07 6.024071e-07
1.358583e+01 6.330157e-07 3.566887e-07
1.359656e+01 3.564626e-07 5.219679e-07
1.360729e+01 1.268088e-06 1.016000e-06
1.361803e+01 -1.622415e-06 4.333255e-07
1.362876e+01 -9.283754e-07 -1.421492e-06
1.363949e+01 -5.567199e-07 2.734255e-07
1.365022e+01 -1.468949e-06 1.961842e-07
1.366095e+01 7.763306e-07 5.369267e-07
1.367168e+01 -1.055452e-07 6.425682e-08
1.368241e+01 5.870708e-07 6.621605e-07
1.369314e+01 -9.591720e-07 7.602565e-08
1.370388e+01 -2.032087e-06 3.948903e-07
1.371461e+01 4.416931e-08 2.034179e-07
1.372534e+01 -8.326945e-07 1.293756e-06
1.373607e+01 -1.497519e-07 1.088983e-07
1.374680e+01 -1.097018e-08 -8.738695e-07
1.375753e+01 1.233161e-07 3.973345e-07
1.376826e+01 -1.577341e-06 -8.101307e-07
1.377899e+01 -4.909714e-07 -1.236974e-06
1.378973e+01 1.177240e-06 1.663371e-06
1.380046e+01 -6.718514e-07 1.039325e-07
1.381119e+01 1.388788e-07 -1.818522e-07
1.382192e+01 4.538891e-07 5.547431e-07
1.383265e+01 -2.085652e-08 1.984638e-06
1.384338e+01 -1.894637e-07 3.291558e-07
1.385411e+01 5.824345e-07 4.146139e-07
1.386485e+01 -1.627587e-06 -7.834081e-07
1.387558e+01 -2.585939e-07 -1.122045e-06
1.388631e+01 1.979944e-07 6.754621e-07
1.389704e+01 -5.423242e-07 -2.235607e-06
1.390777e+01 4.636308e-07 -3.153857e-08
1.391850e+01 7.779916e-07 -5.437276e-07
1.392923e+01 -2.135934e-06 4.955755e-07
1.393996e+01 -1.155038e-06 2.608493e-07
1.395070e+01 -1.224173e-06 1.194595e-07
1.396143e+01 -2.450357e-07 2.101513e-06
1.397216e+01 7.508269e-08 7.804511e-07
1.398289e+01 -3.570247e-07 1.562421e-06
1.399362e+01 8.378664e-08 6.017516e-07
1.400435e+01 -2.792340e-07 2.826536e-07
1.401508e+01 2.311392e-06 1.101888e-06
1.402581e+01 2.086090e-07 -3.675802e-07
1.403655e+01 1.707401e-07 -5.357510e-08
1.404728e+01 -1.447237e-07 -8.331241e-07
1.405801e+01 -3.575129e-07 -1.209539e-06
1.406874e+01 -1.256572e-06 -9.029885e-08
1.407947e+01 -1.528826e-06 -1.292119e-06
1.409020e+01 -1.383746e-06 1.006224e-07
1.410093e+01 -2.120434e-06 -1.239083e-06
1.411167e+01 -9.387548e-07 2.035963e-06
1.412240e+01 -1.553559e-06 1.240309e-08
1.413313e+01 -8.812719e-07 6.461311e-07
1.414386e+01 3.781954e-08 2.121880e-06
1.415459e+01 -6.039655e-07 1.047794e-07
1.416532e+01 -1.497759e-06 1.913846e-06
1.417605e+01 1.458727e-07 1.607198e-06
1.418678e+01 4.749892e-07 1.209139e-06
1.419752e+01 -2.769712e-07 1.112589e-06
1.420825e+01 9.724094e-08 4.218328e-07
1.421898e+01 -6.773961e-07 5.441985e-07
1.422971e+01 -1.648716e-07 -2.828725e-07
1.424044e+01 5.507245e-07 -6.680862e-07
1.425117e+01 -4.737316e-07 1.068128e-06
1.426190e+01 7.484652e-07 -4.497870e-08
1.427263e+01 -7.290175e-08 -1.174173e-06
1.428337e+01 2.678454e-07 6.710413e-07
1.429410e+01 6.153293e-07 1.804289e-08
1.430483e+01 6.023076e-07 -5.096010e-08
1.431556e+01 2.304775e-07 -7.570508e-10
1.432629e+01 -1.294723e-07 -1.532952e-07
1.433702e+01 5.739224e-08 -6.361333e-07
1.434775e+01 -6.302164e-07 -3.125827e-08
1.435849e+01 -2.759594e-06 -9.370179e-07
1.436922e+01 -5.628405e-07 2.157276e-07
1.437995e+01 -1.274928e-06 7.487646e-07
1.439068e+01 -1.115007e-06 1.337520e-06
1.440141e+01 -1.945207e-06 -9.035557e-07
1.441214e+01 5.963862e-09 7.065843e-07
1.442287e+01 -7.740346e-07 1.443519e-07
1.443360e+01 2.764590e-08 -1.591746e-07
1.444434e+01 -1.140838e-06 9.902349e-07
1.445507e+01 -1.159459e-06 -2.893012e-07
1.446580e+01 3.913441e-08 5.780167e-07
1.447653e+01 2.621636e-07 1.546914e-08
1.448726e+01 -9.215315e-07 8.400793e-07
1.449799e+01 -1.552911e-06 -2.308373e-07
1.450872e+01 2.330296e-08 2.922322e-07
1.451945e+01 4.158690e-07 -3.262368e-07
1.453019e+01 3.421323e-08 -5.491009e-07
1.454092e+01 2.036271e-07 -7.107379e-07
1.455165e+01 -1.085634e-06 8.161347e-07
1.456238e+01 -1.261996e-06 -4.623580e-07
1.457311e+01 -1.647966e-06 7.332999e-07
1.458384e+01 1.619731e-07 1.217301e-06
1.459457e+01 7.234669e-07 3.844503e-07
1.460531e+01 -9.219610e-07 1.366553e-06
1.461604e+01 -4.137386e-08 -1.438744e-07
1.462677e+01 3.066802e-08 -2.154120e-07
1.463750e+01 -4.827430e-07 1.699749e-07
1.464823e+01 1.323340e-06 -1.947013e-07
1.465896e+01 8.089658e-07 6.884385e-09
1.466969e+01 -8.015296e-08 4.797951e-07
1.468042e+01 -7.361250e-07 -9.695164e-07
1.469116e+01 1.303135e-06 -3.828775e-07
1.470189e+01 -1.824853e-06 6.216550e-07
1.471262e+01 -1.046190e-06 -4.622514e-07
1.472335e+01 -7.185677e-07 1.286944e-07
1.473408e+01 -1.729141e-07 -1.289065e-06
1.474481e+01 6.962211e-07 4.291274e-07
1.475554e+01 -1.932833e-06 -7.194025e-07
1.476627e+01 -7.746518e-07 1.022511e-06
1.477701e+01 1.249452e-07 -8.676286e-07
1.478774e+01 -1.828951e-06 -1.086242e-06
1.479847e+01 -1.017725e-06 1.205948e-07
1.480920e+01 -6.229727e-08 3.160290e-07
1.481993e+01 -1.516568e-06 7.099589e-07
1.483066e+01 -1.900762e-06 4.651088e-07
1.484139e+01 -8.097703e-07 1.321757e-06
1.485213e+01 -6.488387e-07 1.702233e-06
1.486286e+01 7.914686e-07 5.373152e-07
1.487359e+01 -1.803843e-06 1.871205e-06
1.488432e+01 -1.851122e-07 1.006806e-06
1.489505e+01 -8.052759e-07 -6.426283e-07
1.490578e+01 -7.717498e-07 1.607474e-07
1.491651e+01 1.585509e-06 7.687397e-07
1.492724e+01 -1.920031e-06 2.305771e-07
1.493798e+01 6.692613e-07 -3.513752e-07
1.494871e+01 2.851152e-07 -3.462350e-07
1.495944e+01 6.252043e-07 -2.589339e-07
1.497017e+01 -2.761380e-07 -4.002114e-07
1.498090e+01 -6.118490e-07 9.399847e-07
1.499163e+01 -4.863190e-07 3.619554e-07
1.500236e+01 -1.619583e-06 -9.425839e-07
1.501309e+01 -1.033681e-06 -2.141043e-07
1.502383e+01 1.769521e-07 3.806249e-07
1.503456e+01 -6.217965e-07 3.273590e-07
1.504529e+01 -1.666616e-07 8.456228e-07
1.505602e+01 -1.375106e-06 1.669540e-06
1.506675e+01 -5.902158e-07 7.151415e-07
1.507748e+01 -3.347044e-07 -1.728246e-07
1.508821e+01 5.436772e-07 -5.685135e-07
1.509895e+01 4.515548e-07 -7.666752e-07
1.510968e+01 -1.853056e-07 -6.768733e-08
1.512041e+01 1.786376e-07 1.765320e-06
1.513114e+01 -4.031545e-07 -1.112412e-06
1.514187e+01 5.498557e-07 3.638005e-07
1.515260e+01 2.221525e-07 1.444202e-06
1.516333e+01 -1.624153e-06 1.007084e-06
1.517406e+01 -1.442299e-06 9.323146e-07
1.518480e+01 -1.019740e-06 2.371748e-06
1.519553e+01 -6.731498e-08 -4.362458e-07
1.520626e+01 4.891461e-07 -9.091673e-08
1.521699e+01 -5.911502e-07 9.651479e-07
1.522772e+01 -1.499612e-06 -2.943206e-07
1.523845e+01 1.171594e-07 1.081019e-06
1.524918e+01 -3.927946e-07 -5.763717e-08
1.525991e+01 -1.750146e-06 1.398277e-07
1.527065e+01 8.766975e-07 -8.415694e-07
1.528138e+01 -2.349829e-07 1.416031e-06
1.529211e+01 -1.085098e-06 6.823304e-08
1.530284e+01 3.728712e-07 3.367653e-07
1.531357e+01 -7.960070e-07 -7.794746e-07
1.532430e+01 -1.395819e-07 -8.448087e-07
1.533503e+01 -9.551085e-07 2.923524e-07
1.534577e+01 6.735714e-07 -7.499019e-07
1.535650e+01 1.543498e-06 -3.356224e-08
1.536723e+01 4.587738e-07 -2.958165e-07
1.537796e+01 1.702364e-06 9.196098e-07
1.538869e+01 -3.034839e-07 -5.374248e-07
1.539942e+01 -4.942735e-07 -5.623408e-08
1.541015e+01 -1.684609e-06 -9.623132e-07
1.542088e+01 2.223136e-06 9.834000e-07
1.543162e+01 -2.091739e-06 1.644044e-06
1.544235e+01 4.092046e-07 1.053809e-07
1.545308e+01 -7.495137e-07 8.693484e-07
1.546381e+01 5.625305e-07 -5.344683e-07
1.547454e+01 6.344670e-07 1.545321e-06
1.548527e+01 -6.856035e-07 6.203836e-07
1.549600e+01 1.184627e-06 5.424114e-07
1.550673e+01 -1.192309e-06 8.388046e-07
1.551747e+01 -3.325524e-07 6.531707e-07
1.552820e+01 -8.163553e-07 1.543581e-06
1.553893e+01 4.509625e-07 -2.238386e-06
1.554966e+01 1.369379e-06 -1.466377e-06
1.556039e+01 3.411384e-07 4.934906e-07
1.557112e+01 5.973034e-07 1.697043e-07
1.558185e+01 -1.204817e-06 -1.366806e-06
1.559259e+01 2.012294e-06 3.652209e-06
1.560332e+01 -3.025329e-06 -2.274402e-06
1.561405e+01 -3.498935e-07 4.175174e-07
1.562478e+01 8.405620e-08 -2.009336e-06
1.563551e+01 5.266056e-07 2.076626e-06
1.564624e+01 4.797497e-07 4.026556e-07
1.565697e+01 -2.213266e-06 -1.267647e-06
1.566770e+01 1.562524e-07 -1.137507e-06
1.567844e+01 2.475375e-06 2.590340e-06
1.568917e+01 -1.140151e-06 -2.196686e-06
1.569990e+01 2.377926e-07 -2.414244e-06
1.571063e+01 8.011946e-07 3.135788e-07
1.572136e+01 -1.234478e-06 1.116233e-07
1.573209e+01 -2.861482e-06 -5.906759e-07
1.574282e+01 6.641687e-07 -2.106521e-06
1.575355e+01 -1.433991e-06 -1.105940e-07
1.576429e+01 -1.733104e-06 1.866522e-06
1.577502e+01 7.024084e-07 2.820056e-06
1.578575e+01 -4.577760e-07 -1.368302e-06
1.579648e+01 -3.617845e-09 -1.296916e-06
1.580721e+01 1.532037e-06 -6.152926e-08
1.581794e+01 -5.413644e-07 -1.385220e-06
1.582867e+01 -1.261453e-06 -2.311464e-06
1.583941e+01 -1.118186e-06 1.386442e-06
1.585014e+01 6.237861e-07 1.359733e-06
1.586087e+01 -1.383708e-06 -3.845209e-07
1.587160e+01 -4.595132e-08 1.357272e-06
1.588233e+01 -9.038841e-07 -1.240379e-07
1.589306e+01 -5.144163e-07 4.403402e-07
1.590379e+01 3.100516e-08 6.386216e-07
1.591452e+01 -9.129113e-07 -8.451881e-07
1.592526e+01 -1.902139e-06 -2.398700e-06
1.593599e+01 -1.218165e-07 -9.959306e-07
1.594672e+01 6.249825e-07 1.939987e-07
1.595745e+01 -3.218312e-09 1.905289e-07
1.596818e+01 -5.443195e-08 1.818432e-06
1.597891e+01 4.182743e-08 8.471855e-07
1.598964e+01 2.580122e-07 1.970848e-06
1.600037e+01 -1.996920e-06 2.560843e-06
1.601111e+01 -4.639254e-06 1.765668e-06
1.602184e+01 -5.108174e-06 -4.158117e-07
1.603257e+01 -7.630752e-07 -2.711145e-06
1.604330e+01 -5.202555e-07 -2.141294e-06
1.605403e+01 2.014068e-07 5.149956e-07
1.606476e+01 -6.078464e-07 2.396606e-06
1.607549e+01 -1.544524e-07 2.019375e-08
